42
126
469
607
283
373
566
425
350
478
558
608
621
390
298
620
388
666
478
515
569
657
416
494
604
344
654
577
368
352
507
566
422
648
474
767
291
485
536
612
478
329
466
758
661
532
608
649
408
454
456
414
305
475
315
271
457
614
548
410
530
525
287
260
402
527
507
583
509
255
655
701
804
541
424
514
570
604
386
416
521
456
504
361
909
412
558
487
480
623
465
172
565
513
239
516
472
639
463
498
568
500
488
300
285
512
614
453
439
502
451
415
441
365
451
421
342
557
277
608
602
428
550
397
410
603
622
364
