42
126
303
544
525
443
625
537
287
581
576
544
434
390
709
606
476
653
681
643
389
444
262
481
482
591
364
635
448
768
547
341
373
532
296
393
480
580
326
524
491
498
387
371
352
659
738
665
614
435
415
366
383
586
712
552
431
621
352
476
488
567
522
539
591
548
571
370
316
591
436
402
362
492
532
624
434
417
283
260
625
667
514
350
603
723
663
530
557
504
506
590
514
332
750
331
455
374
538
523
484
516
636
496
420
327
510
420
646
291
650
569
529
670
524
374
635
525
408
230
307
603
469
387
555
455
480
647
