56
126
275
265
161
218
501
413
194
243
504
468
348
161
203
418
397
370
447
480
311
327
357
400
214
335
187
131
209
392
275
155
362
136
166
179
191
408
459
272
391
159
439
158
245
236
317
425
270
127
458
302
281
445
350
347
301
407
390
181
374
330
195
423
325
437
462
213
231
414
475
309
329
210
423
195
206
194
329
262
375
280
211
433
232
209
458
156
296
464
184
330
388
495
186
437
256
190
500
311
314
160
356
174
342
452
320
248
381
157
455
167
348
382
321
489
387
399
448
322
419
281
415
213
276
150
320
337
