42
126
170
374
275
263
198
272
313
306
201
140
498
182
432
447
144
450
369
475
147
341
246
233
348
362
393
344
259
304
177
497
430
180
159
423
149
169
487
155
438
421
138
145
159
199
358
240
418
147
481
504
318
374
220
388
315
225
240
163
292
245
307
489
458
412
292
420
268
315
155
481
333
424
284
163
337
338
400
159
460
410
393
483
171
235
448
479
490
128
290
249
170
389
445
241
146
375
186
486
430
407
493
324
137
441
499
360
450
403
181
189
266
462
159
478
314
173
414
271
326
144
172
441
198
158
177
392
