56
126
238
216
486
453
256
287
413
130
141
322
213
140
432
264
376
146
145
364
236
156
503
454
212
361
391
242
264
156
207
233
151
308
146
235
473
305
367
362
152
217
473
196
310
201
398
156
340
475
437
306
130
337
363
462
503
492
137
480
491
481
151
382
164
486
139
381
411
224
389
445
448
332
141
368
495
181
378
137
137
344
242
264
299
360
369
228
491
272
278
455
174
415
420
188
156
361
162
422
176
317
400
356
303
427
144
171
240
383
273
211
207
423
308
158
388
176
444
280
132
126
363
448
201
174
378
135
