56
126
416
246
475
412
284
360
134
158
376
482
375
322
501
501
357
402
432
428
404
402
399
250
294
258
184
300
214
236
252
307
367
278
482
445
500
160
164
127
415
409
211
433
328
459
472
126
386
222
254
225
479
503
292
209
247
384
281
306
131
299
201
227
140
393
134
441
189
151
305
360
497
142
258
203
184
483
238
467
309
302
266
304
417
457
362
167
138
399
128
442
363
146
436
283
172
440
274
304
262
290
226
462
201
157
391
268
358
294
269
205
231
397
323
222
149
182
326
470
341
225
471
472
130
295
178
374
