42
126
431
205
498
395
217
498
306
152
378
425
201
421
227
240
216
162
180
231
315
496
351
268
157
465
371
465
357
431
272
333
375
128
412
341
438
473
346
188
347
130
242
422
281
272
284
273
288
417
239
204
239
463
371
356
483
468
349
276
271
405
207
368
475
349
264
470
220
484
453
285
360
238
285
387
342
360
167
258
239
493
418
289
174
482
184
324
201
402
392
279
158
334
474
493
447
392
250
171
274
401
446
420
180
204
252
242
237
275
380
371
278
137
384
392
420
320
481
325
479
431
311
424
461
299
263
228
