56
126
273
225
139
166
234
444
191
404
370
322
243
253
225
367
284
210
188
490
424
129
383
212
133
128
195
313
333
367
386
471
417
205
161
401
503
287
208
483
310
377
289
184
161
356
284
292
391
164
302
184
151
219
440
476
498
344
434
195
435
354
142
128
453
371
349
346
438
127
464
251
184
161
128
255
288
440
438
445
302
417
394
282
127
152
478
400
333
384
381
168
504
131
254
479
434
165
246
225
224
266
252
476
250
470
320
303
357
323
203
166
161
362
388
184
223
420
297
495
407
284
169
488
489
311
355
268
