42
126
473
294
412
129
212
368
280
354
472
301
289
434
461
259
388
410
353
350
365
420
267
305
396
375
229
146
206
261
250
462
298
475
488
239
461
280
219
287
389
155
400
396
325
174
337
344
432
422
143
477
439
351
275
286
455
483
205
183
473
232
214
259
301
472
229
189
127
289
262
332
365
141
210
271
199
333
318
369
428
333
489
408
322
351
328
149
198
177
359
159
399
286
475
240
261
157
171
147
179
470
205
307
370
304
351
350
242
499
344
387
359
250
204
467
370
142
348
435
196
385
202
224
155
127
130
408
