42
126
566
413
578
584
663
437
605
541
625
561
521
507
439
185
392
489
445
551
507
664
517
469
356
480
707
620
518
389
536
389
629
321
220
550
400
523
368
437
391
437
349
457
211
375
608
383
382
453
611
684
486
564
567
331
487
134
743
513
543
370
401
356
729
327
422
330
394
454
755
515
412
476
437
492
516
406
329
588
322
592
356
372
648
843
430
573
674
529
433
499
367
384
590
418
597
590
681
597
370
558
430
637
327
399
337
399
594
486
425
501
566
526
367
676
426
491
447
429
570
480
464
648
436
744
394
495
