42
126
428
580
493
627
317
503
650
467
544
556
574
277
665
377
348
549
637
479
552
720
773
588
370
741
716
403
653
250
423
650
594
460
456
399
618
560
499
547
500
596
616
432
564
227
418
522
839
481
580
596
585
397
460
514
583
470
467
457
637
625
592
675
417
369
505
387
809
617
684
563
439
526
665
334
552
623
373
602
458
337
402
308
514
411
718
339
642
598
413
505
404
324
542
672
418
566
572
516
481
425
508
384
331
692
420
625
586
399
550
321
427
444
527
685
486
345
342
772
507
669
415
503
656
353
672
607
