42
126
407
355
480
452
447
421
618
388
551
304
630
381
280
354
433
532
683
772
535
489
451
504
301
507
217
354
409
566
360
285
550
627
557
569
488
422
513
637
406
434
445
344
813
538
633
359
624
588
560
312
661
579
441
454
446
351
667
436
362
514
669
545
446
552
702
358
321
390
439
401
490
576
650
650
400
495
188
565
456
714
544
539
428
443
448
499
426
265
494
410
441
401
530
506
545
455
414
555
549
812
471
540
470
539
521
539
573
339
463
535
344
648
469
419
543
564
546
263
392
822
833
169
564
531
552
581
