56
126
418
568
630
480
400
699
429
281
584
597
597
444
543
502
538
477
622
566
156
203
511
607
743
492
645
481
380
815
565
567
690
402
427
601
505
565
728
517
387
476
774
643
574
213
381
432
625
526
399
504
496
693
453
475
157
515
332
495
489
516
360
347
498
295
681
111
605
326
430
588
189
408
491
427
610
565
478
464
600
419
234
517
378
614
399
507
377
448
712
587
499
503
546
350
552
537
637
707
468
599
434
505
387
675
582
665
516
397
505
442
562
355
568
798
505
330
581
472
609
608
385
527
552
525
699
469
