42
126
671
643
539
475
573
534
574
489
513
586
833
600
401
469
443
415
481
475
636
545
520
549
562
413
473
609
464
441
293
604
443
368
511
463
554
640
408
440
606
746
265
666
791
506
373
591
540
477
652
531
361
330
692
775
517
462
641
704
406
476
547
487
504
379
558
657
394
440
564
430
450
321
469
476
358
718
577
553
398
527
537
674
463
565
582
503
552
583
321
365
643
566
308
619
429
493
630
610
471
541
478
443
766
442
491
512
667
480
514
446
599
339
400
513
229
278
345
515
657
420
314
493
487
348
592
282
