48
132
545
629
574
551
476
581
596
352
719
581
807
713
616
701
410
574
495
568
739
379
443
639
710
607
660
287
465
593
526
425
525
838
600
598
368
365
303
451
583
673
546
703
759
704
295
551
722
619
621
443
276
357
418
517
433
464
533
626
515
538
514
598
648
641
610
668
549
489
624
641
527
560
548
732
621
484
408
282
628
497
462
494
679
624
652
570
703
335
497
463
636
443
540
582
528
487
427
450
496
480
557
576
385
506
523
431
342
625
360
667
560
616
399
499
462
381
493
762
590
324
604
407
366
169
689
207
787
506
552
377
533
517
