48
132
733
625
494
632
353
707
714
390
678
695
586
574
473
658
634
688
715
801
597
671
572
388
763
590
666
295
679
711
545
540
500
692
411
523
614
739
564
592
748
727
399
502
468
571
699
525
347
277
739
560
278
604
637
383
422
497
387
715
433
430
456
465
638
471
686
477
558
716
624
557
432
464
459
252
645
651
452
474
489
512
616
498
477
435
604
575
574
521
532
444
525
428
573
528
598
245
660
400
484
699
302
577
458
196
436
780
403
701
474
395
526
515
436
475
517
629
424
400
516
568
244
783
606
843
642
226
470
420
520
614
468
441
