48
132
516
544
577
564
194
630
522
554
748
429
564
466
537
594
356
481
335
361
330
576
555
796
482
584
419
615
633
680
662
430
460
614
673
497
541
530
639
694
281
559
428
719
607
269
580
526
642
617
458
457
746
715
554
487
405
485
608
528
500
460
632
529
476
450
495
559
630
609
340
505
491
261
623
436
699
592
784
577
512
426
495
468
334
528
781
646
478
387
703
481
355
429
700
712
539
465
560
671
468
659
534
527
499
683
437
519
368
295
552
731
441
410
307
411
737
645
692
380
200
355
537
631
508
424
700
603
525
368
405
450
603
430
