48
132
614
718
435
354
361
687
651
513
457
267
642
363
408
580
518
449
362
458
192
628
615
430
529
394
522
382
521
461
472
550
636
416
510
632
351
787
603
356
568
360
511
535
585
726
413
374
552
371
487
699
517
493
471
556
447
446
373
487
350
675
391
674
528
483
633
773
718
596
422
519
529
615
444
392
497
652
572
552
731
836
463
698
517
337
732
473
393
481
402
382
651
368
635
515
524
588
698
370
517
446
455
634
525
549
615
491
380
554
337
500
496
556
421
447
449
626
526
607
571
558
533
397
511
230
660
393
561
451
599
475
392
503
