48
132
502
471
503
167
316
463
223
318
517
317
205
519
260
189
253
357
135
309
204
371
494
436
143
427
303
412
146
493
417
364
376
252
318
154
155
516
508
521
351
339
374
474
416
524
222
181
360
296
240
497
255
495
328
244
383
251
497
499
523
339
290
456
158
245
490
269
212
327
217
409
179
316
191
272
423
205
391
505
254
288
463
175
213
262
265
328
150
304
219
145
430
478
236
136
154
443
424
503
170
348
143
325
188
301
421
410
391
330
359
405
414
386
133
481
346
520
490
256
345
163
490
151
237
390
484
440
485
504
439
231
427
447
