48
132
463
513
378
656
649
451
455
318
557
555
624
490
646
496
603
585
568
326
542
682
617
351
510
872
509
576
351
578
591
615
530
420
625
475
540
473
362
541
503
339
466
617
642
739
603
454
322
778
643
562
431
421
330
584
467
405
1
416
576
557
576
604
835
733
600
530
554
452
449
647
673
648
422
424
536
692
678
572
482
513
628
415
403
734
543
716
408
588
820
492
483
477
645
755
472
726
418
457
723
531
460
430
308
584
418
615
556
518
500
255
291
493
633
716
647
528
121
444
490
740
382
532
523
599
459
523
521
400
679
421
353
674
