48
132
373
260
359
176
148
249
357
262
503
260
161
187
353
240
269
351
197
246
342
496
455
278
175
262
293
414
490
436
291
356
348
229
242
476
380
312
448
249
226
395
189
255
323
271
356
431
320
335
172
323
208
484
143
226
288
248
302
202
180
147
467
241
528
511
400
345
447
486
314
219
380
137
434
500
347
209
333
411
395
486
322
411
306
137
164
188
178
473
470
362
307
225
179
245
302
454
178
277
480
509
134
512
367
367
331
272
306
470
230
429
422
292
196
428
480
432
362
135
410
243
242
267
437
329
341
282
231
133
524
456
503
169
