48
132
201
256
369
303
320
496
237
213
518
207
212
176
321
241
515
363
525
136
467
482
360
267
132
199
399
493
419
295
268
454
496
135
369
258
500
342
199
511
408
450
346
274
164
348
452
339
462
349
163
376
206
144
255
229
470
330
474
424
361
521
285
349
257
470
317
278
416
155
284
200
483
502
244
395
185
157
400
448
267
528
259
193
274
279
497
406
157
499
333
458
133
435
339
430
522
264
223
467
517
152
444
218
207
210
163
448
401
288
337
138
346
443
456
238
185
526
151
215
522
330
382
252
503
201
311
230
238
199
191
314
337
175
