48
132
420
378
274
320
480
476
351
200
212
272
294
429
214
466
143
345
363
222
209
264
433
445
402
375
433
297
349
316
219
443
362
416
177
411
367
442
522
162
422
269
241
397
466
203
478
207
133
345
457
171
380
194
336
497
148
429
205
410
133
528
497
335
148
378
157
412
211
512
460
417
510
485
261
142
450
366
397
337
179
355
150
275
207
262
161
277
491
144
207
132
215
514
200
278
269
479
173
186
307
405
352
495
254
334
364
184
403
528
376
438
427
296
266
421
318
194
396
476
179
333
259
364
437
205
242
502
510
484
254
374
139
326
