48
132
314
437
468
374
487
245
323
374
502
193
379
413
435
275
317
515
229
137
304
195
397
309
188
302
241
277
181
420
246
170
487
330
410
479
235
379
522
524
166
478
278
348
490
323
371
237
158
182
371
308
142
490
210
268
483
288
520
419
262
406
295
250
252
403
197
144
156
146
333
343
503
160
263
428
480
450
413
231
516
326
178
253
231
247
444
236
383
238
180
304
470
181
482
487
516
183
175
391
333
329
136
193
478
214
413
312
255
441
137
322
174
371
187
300
487
518
406
356
160
355
280
319
325
164
318
303
490
487
159
220
442
329
