48
132
622
448
414
266
608
475
588
501
627
503
503
637
395
650
342
461
594
563
434
500
464
455
310
764
677
607
498
444
638
562
329
421
512
375
633
595
342
520
535
700
452
631
524
554
854
586
381
654
307
514
713
544
374
224
606
761
688
376
727
456
552
790
454
831
326
445
585
649
663
331
556
492
559
737
261
671
553
635
654
422
678
526
447
574
344
296
368
401
605
717
460
622
595
524
468
560
688
624
572
490
540
439
880
460
473
385
427
618
479
361
455
216
504
675
508
609
616
500
535
400
258
458
761
438
399
575
547
531
716
344
670
253
