48
132
378
495
207
284
281
459
197
313
446
172
149
528
528
443
325
484
526
480
238
393
192
285
237
207
518
513
339
192
159
193
391
289
401
487
167
306
296
148
481
211
427
387
511
432
252
390
452
501
504
501
291
392
212
299
290
315
295
153
472
180
396
476
505
352
293
394
432
260
374
345
223
454
258
373
138
169
524
209
392
508
161
302
333
397
289
367
201
146
323
298
279
195
258
379
314
431
498
203
483
380
418
388
444
165
371
133
211
256
174
439
432
182
210
238
283
175
247
346
387
456
158
133
142
346
435
440
369
252
291
180
358
479
