48
132
635
415
542
461
662
448
367
477
686
488
746
202
441
354
514
431
478
569
441
606
604
598
431
327
380
534
527
725
343
413
495
677
305
413
381
503
471
586
615
637
468
252
567
540
681
618
539
495
853
682
414
245
484
399
587
685
421
712
584
820
369
580
498
585
490
233
427
738
502
758
720
657
464
190
393
441
388
632
510
396
571
904
544
509
529
255
800
426
517
247
416
654
363
730
467
269
633
410
291
641
459
618
537
455
524
673
709
571
445
573
482
506
585
547
562
506
472
361
648
506
457
521
131
534
674
412
314
373
674
367
507
599
