48
132
238
143
312
478
333
390
418
526
372
195
436
526
363
408
502
247
160
475
280
384
266
187
197
232
132
167
503
423
518
234
338
330
329
193
225
438
349
319
273
283
276
361
434
275
521
326
412
404
528
359
295
481
472
514
470
228
218
326
251
178
193
341
336
506
260
319
213
474
263
397
326
309
273
343
512
209
320
241
276
268
150
362
273
517
465
460
513
231
490
197
421
475
355
246
267
256
271
162
186
184
484
408
289
335
183
367
309
273
472
355
500
252
467
156
342
186
406
390
234
486
301
428
323
227
523
230
278
415
190
146
439
143
