64
144
46
95
97
72
27
157
66
175
148
117
31
52
38
75
147
73
55
48
136
101
160
4
106
246
22
131
99
92
97
61
95
143
96
212
109
35
227
159
42
158
66
14
105
133
95
133
105
163
122
103
106
128
97
112
118
159
88
141
88
165
92
163
59
188
45
111
199
133
122
123
30
126
139
9
93
70
36
96
74
106
131
147
122
100
59
185
188
174
23
151
109
57
82
118
124
78
105
13
109
58
157
126
141
108
147
84
137
93
163
153
41
55
111
106
168
132
23
81
55
95
93
76
63
27
169
46
125
99
17
53
193
12
49
184
135
57
123
43
97
70
193
27
56
64
