64
144
933
754
494
415
521
676
573
489
630
682
476
722
691
556
780
196
437
589
812
667
293
408
600
596
457
524
430
641
733
583
734
344
477
535
375
439
303
476
625
697
608
441
632
711
763
389
618
607
424
626
430
688
603
590
577
464
463
821
878
369
220
848
299
409
605
349
549
680
597
605
733
654
376
443
561
793
584
503
435
435
575
723
726
436
652
633
471
480
748
898
766
476
532
575
531
633
525
383
515
512
625
548
84
492
745
516
370
526
565
284
415
692
563
654
389
484
432
396
777
884
793
630
458
344
583
687
492
677
422
740
452
439
496
744
568
738
542
487
537
877
851
660
489
627
