56
140
407
345
519
547
553
264
379
236
518
446
229
555
370
142
301
374
492
150
182
298
490
358
324
193
470
162
214
428
379
380
533
292
146
478
528
225
438
388
541
443
322
219
493
461
277
529
558
248
508
386
308
168
291
417
515
330
408
406
460
317
464
154
237
434
149
521
433
210
217
206
283
394
282
168
559
393
274
461
184
522
259
224
223
376
474
453
227
481
381
157
327
401
336
395
334
194
208
442
273
251
475
160
294
178
329
453
307
406
540
334
378
537
530
452
555
145
324
537
259
358
452
458
270
268
250
170
468
162
347
173
330
205
322
544
244
468
381
483
466
384
