48
144
84
96
75
72
105
112
79
131
107
110
67
109
115
74
90
111
86
94
71
121
84
89
104
121
116
108
110
58
87
92
124
112
108
108
98
96
108
132
131
103
81
110
102
91
68
48
98
86
78
103
67
149
106
87
83
104
102
117
74
106
84
74
122
136
100
75
66
104
87
64
108
66
65
115
126
95
119
103
118
110
83
92
108
137
109
69
93
136
118
88
110
105
104
99
81
110
104
88
131
108
117
104
60
87
107
148
113
111
113
101
105
121
110
70
93
169
125
72
70
119
100
110
76
131
91
100
80
145
90
95
80
108
95
110
75
124
61
121
115
79
97
111
99
94
