56
140
841
611
700
643
695
511
579
559
657
524
616
289
885
554
648
750
652
628
492
696
694
571
451
321
375
696
570
727
306
587
600
400
844
575
600
420
664
409
541
424
642
816
625
804
612
413
575
754
539
319
532
248
552
554
572
415
797
599
723
438
515
403
514
462
495
374
344
555
770
468
524
674
547
466
495
777
573
602
806
544
506
616
722
339
484
476
750
424
652
539
893
734
526
524
421
293
387
664
588
500
671
778
369
651
496
638
639
486
714
138
496
494
442
575
680
575
601
854
710
666
769
503
492
511
540
606
675
624
843
627
444
746
517
359
462
355
685
331
430
512
