64
144
117
103
89
98
83
114
102
108
151
78
109
98
88
70
106
117
94
68
86
98
101
115
105
83
113
63
82
104
59
84
70
92
111
88
112
98
113
77
70
87
94
111
105
148
130
39
105
103
59
89
114
122
108
86
63
65
137
89
110
116
98
124
137
106
82
105
67
92
127
104
98
75
110
98
107
120
96
115
77
96
89
79
69
54
77
62
99
81
78
103
116
109
99
84
116
101
51
54
99
98
122
86
96
94
92
42
97
96
153
103
84
94
119
109
157
123
73
95
117
48
96
75
124
142
104
108
92
88
136
118
127
114
98
109
79
110
132
111
131
60
107
109
139
130
