56
140
254
451
415
175
197
294
240
303
396
390
148
482
374
232
546
550
422
168
467
393
392
156
422
151
143
145
444
525
162
445
206
145
460
353
529
531
196
220
233
523
499
448
297
186
259
426
193
559
522
330
510
141
464
556
264
386
390
536
379
460
263
201
505
228
222
256
147
272
349
356
162
249
402
418
337
273
412
358
201
237
531
309
217
146
386
323
304
454
223
432
432
274
329
518
162
508
190
251
243
216
259
205
250
371
529
333
318
257
208
485
291
163
525
466
274
524
459
174
410
333
475
252
396
196
316
505
286
292
378
142
524
182
473
344
204
300
308
490
235
297
