64
144
502
250
409
251
504
150
151
290
400
424
527
270
453
181
380
220
230
385
424
449
557
326
241
188
257
402
526
512
420
349
285
153
380
543
249
529
221
447
338
551
547
349
527
351
556
263
425
314
244
517
417
575
147
388
273
431
264
501
331
157
321
377
461
346
250
272
439
368
402
516
226
575
384
287
428
339
185
293
526
542
427
384
513
390
450
437
207
197
417
447
500
309
521
211
432
368
417
572
298
289
282
328
309
349
493
573
448
323
189
272
568
401
220
365
344
361
277
245
499
403
463
172
353
382
520
329
470
328
572
303
518
406
253
369
252
473
491
522
204
440
259
276
295
498
