48
144
423
578
708
510
569
890
675
709
614
746
422
585
368
643
639
650
698
626
441
372
433
683
687
577
678
735
835
531
840
555
718
555
825
646
735
660
265
506
678
682
606
834
801
738
602
468
522
415
304
394
775
676
754
504
397
744
270
595
598
627
729
413
337
767
549
561
500
582
835
497
567
500
349
266
671
576
509
696
430
560
612
274
598
710
441
728
662
483
658
572
595
668
499
420
546
730
359
362
364
565
815
676
609
648
481
652
393
380
554
610
581
219
624
566
821
658
611
668
787
715
428
458
506
535
442
496
679
429
881
455
523
574
740
738
704
643
569
440
655
639
636
673
685
666
