48
144
122
65
149
63
141
108
131
74
75
114
152
95
122
110
117
136
107
84
53
98
90
71
104
120
101
129
109
96
97
136
103
131
145
85
105
113
80
79
106
96
85
118
89
106
83
100
98
131
93
135
70
76
101
156
100
103
119
113
94
82
118
113
97
99
112
73
112
73
115
102
96
119
74
68
81
82
89
70
87
73
118
83
58
99
79
140
122
99
111
130
65
121
90
112
89
125
101
77
118
134
93
101
96
93
88
80
97
84
93
61
107
96
111
102
79
92
99
85
147
114
91
113
127
52
126
72
95
115
120
82
104
79
83
103
56
119
127
85
115
90
105
70
76
83
