48
144
350
322
211
364
166
146
239
541
216
208
145
302
375
545
364
550
458
424
371
205
177
148
408
483
367
414
255
304
375
329
230
156
519
189
433
505
562
447
309
292
510
471
409
443
147
425
269
307
206
213
231
159
529
470
509
529
346
285
375
568
409
353
571
293
339
300
410
181
257
187
340
171
231
445
516
159
518
260
529
373
450
291
280
275
434
235
573
403
360
448
146
311
412
246
191
362
278
224
277
190
402
562
461
401
419
556
259
275
292
413
381
389
430
393
363
432
222
497
230
539
266
177
397
221
367
525
269
312
401
401
267
496
195
567
442
458
195
366
571
446
238
297
481
484
