56
140
158
156
191
395
329
224
527
549
322
223
501
425
423
277
520
447
464
205
176
293
326
515
483
426
521
211
314
340
289
381
396
296
222
449
167
394
300
350
322
442
161
471
341
368
251
149
417
422
203
181
452
177
417
519
353
262
560
303
488
257
406
559
212
516
314
273
230
323
373
458
218
540
189
480
287
495
507
202
325
235
536
539
161
324
355
405
384
306
440
195
509
210
219
280
466
526
187
321
542
490
201
335
218
197
499
265
280
218
440
383
423
173
208
367
172
432
198
285
305
466
531
150
169
407
148
366
522
295
375
408
542
156
221
274
307
150
140
420
257
316
