70
140
742
642
452
610
561
599
566
502
986
696
291
814
664
277
894
679
525
488
460
418
506
663
531
636
479
761
567
572
445
650
180
548
608
643
432
417
758
291
389
476
565
400
680
514
402
580
456
671
743
558
742
573
617
843
696
648
444
831
430
584
510
564
537
347
619
733
608
412
478
556
489
547
244
806
455
493
813
525
946
766
627
539
490
630
300
653
538
743
622
611
609
742
595
598
346
369
486
437
299
608
805
421
628
357
506
509
522
589
631
542
600
781
506
572
796
578
409
421
495
640
785
409
323
531
385
483
411
263
679
853
559
503
653
600
548
528
470
594
650
609
