64
144
549
271
157
269
281
494
415
506
567
243
434
296
413
445
279
219
475
526
209
302
169
173
468
196
428
202
434
184
458
421
493
362
462
210
182
251
280
264
357
229
377
276
434
510
553
550
210
243
166
308
535
261
422
562
470
319
531
460
423
530
477
514
431
170
238
535
426
334
549
349
169
201
178
472
552
171
358
573
348
317
329
538
341
474
326
353
199
350
352
557
548
319
386
314
195
549
467
322
393
474
320
519
317
437
558
230
274
355
365
246
175
413
448
317
403
478
212
473
348
509
185
202
268
510
460
332
382
338
153
575
358
383
516
309
375
557
202
396
238
159
512
314
223
178
