48
144
86
88
64
76
118
91
147
198
126
114
135
110
78
85
114
116
146
5
105
142
138
49
37
6
149
181
162
126
85
94
154
110
3
129
180
173
119
25
97
137
45
125
87
70
89
22
85
100
104
167
128
140
51
100
80
77
75
89
114
125
86
83
126
107
157
64
93
82
129
69
5
71
142
190
79
88
151
127
116
108
133
73
104
106
166
147
13
183
131
66
36
29
115
61
88
49
31
80
44
102
98
65
103
175
113
58
99
98
66
174
124
119
99
90
41
63
112
80
110
67
126
135
166
81
181
162
102
204
137
82
110
96
141
143
11
128
167
106
111
182
86
109
129
110
