64
144
128
21
122
148
147
122
160
125
156
100
45
55
130
113
93
93
100
182
114
115
109
108
126
97
37
66
98
77
96
77
2
27
64
63
84
107
118
73
193
113
5
16
114
101
78
65
152
169
102
63
42
151
72
54
164
23
153
167
49
186
197
128
98
152
84
34
124
19
135
51
88
110
91
91
57
75
127
155
148
84
43
129
59
48
113
79
86
54
72
121
82
92
204
73
9
149
82
99
96
78
76
32
6
139
57
127
87
56
101
121
48
114
31
134
116
89
52
128
50
84
128
139
88
119
48
131
106
72
126
68
64
89
18
108
127
100
165
94
39
123
132
172
47
113
