64
144
695
587
438
757
811
288
735
724
674
212
672
508
343
644
819
446
517
493
582
561
714
724
524
338
613
313
459
478
457
363
571
962
733
603
501
524
661
662
697
616
370
487
396
327
806
553
437
732
813
591
594
337
583
345
889
426
826
496
563
707
461
390
109
629
752
454
368
430
501
590
833
701
717
453
522
676
678
804
453
647
656
471
522
480
548
624
772
393
578
404
703
435
772
554
588
622
528
565
461
546
481
715
408
614
695
503
453
693
796
627
627
287
449
898
326
446
412
664
720
541
592
781
460
535
654
553
324
574
463
525
689
485
834
566
564
640
670
801
540
684
402
150
685
617
