70
140
300
551
157
274
338
338
554
248
509
211
486
284
547
386
255
406
454
279
453
394
295
495
438
499
459
357
463
495
463
261
359
440
324
456
207
167
362
179
487
418
151
475
365
545
179
492
179
188
474
453
381
361
183
505
250
243
535
269
286
380
407
252
261
497
234
276
288
355
505
428
406
385
457
340
526
534
507
366
558
411
371
325
540
508
270
414
490
508
354
327
499
170
309
255
532
340
141
522
407
224
211
159
343
290
286
310
398
292
161
218
211
148
487
552
384
415
295
241
416
254
532
493
370
454
328
248
393
487
366
508
442
510
471
256
431
330
386
224
264
438
