70
140
324
351
204
392
258
462
172
159
237
190
522
405
202
359
154
353
236
327
206
476
486
480
361
236
482
412
553
145
414
409
214
465
297
162
363
500
330
342
357
278
520
493
220
527
378
510
313
367
274
302
438
289
266
464
415
312
414
193
344
232
507
168
315
268
321
442
419
555
166
464
271
540
143
525
149
222
336
526
269
310
362
438
219
441
389
425
225
454
240
388
372
345
559
254
291
282
490
293
195
503
259
396
223
289
213
375
469
239
185
363
241
517
245
232
530
347
200
249
158
530
395
466
432
516
318
341
415
277
158
313
457
500
244
161
404
502
230
491
274
313
