64
144
456
685
646
436
584
624
663
485
185
817
510
586
687
697
818
560
448
794
540
631
557
591
284
545
620
239
875
678
464
265
487
620
527
553
151
550
551
563
517
309
543
629
461
464
462
525
580
441
633
596
611
547
505
349
576
465
482
600
642
678
375
681
714
655
609
751
734
408
717
472
443
454
558
791
627
672
671
348
745
355
554
446
350
751
330
464
546
390
486
723
452
392
845
459
809
632
538
538
807
728
416
273
532
537
507
644
659
841
477
327
689
522
317
468
628
783
450
484
804
374
466
876
532
617
457
819
455
481
523
420
408
502
896
640
566
739
404
449
402
544
506
651
555
795
