64
144
281
351
337
346
535
179
545
231
268
248
338
146
465
472
420
323
144
205
306
533
232
491
546
256
254
374
302
183
496
415
271
576
187
518
210
404
207
446
383
575
353
485
367
307
144
458
550
337
463
303
493
219
461
554
507
516
215
576
575
555
488
174
515
194
278
525
256
415
269
437
468
226
315
342
233
336
509
399
309
157
423
541
182
365
351
324
524
349
506
256
566
474
338
561
478
231
537
400
157
226
193
431
169
534
546
248
186
370
357
241
258
218
386
416
205
413
155
485
549
244
530
425
535
559
238
240
440
242
149
166
205
467
144
164
540
528
441
269
345
466
223
487
194
167
