70
140
101
85
104
86
103
102
96
65
104
118
106
92
133
95
87
74
75
120
56
95
93
96
101
87
129
114
86
123
93
140
129
116
87
125
109
123
82
127
69
76
82
96
123
104
76
110
94
107
81
68
72
93
88
81
113
84
116
119
108
112
104
105
110
93
84
90
115
89
103
134
86
92
102
86
113
80
93
102
99
100
106
72
101
107
131
50
86
113
87
104
85
92
79
88
104
124
88
109
120
107
110
109
120
114
141
84
133
125
94
60
80
85
116
71
100
71
120
124
133
89
93
130
83
101
83
127
85
69
134
123
102
113
80
87
82
65
106
130
132
102
