56
140
358
155
380
471
243
475
338
299
210
302
454
225
173
300
555
265
308
449
436
505
224
501
558
530
427
294
242
345
400
352
436
556
456
145
238
501
217
556
330
254
406
245
527
411
174
172
511
363
297
399
430
415
504
358
475
408
157
222
348
502
366
158
367
167
245
463
204
362
422
145
505
321
340
320
368
241
383
444
361
372
396
480
547
151
456
362
231
382
427
150
298
447
481
367
507
209
260
417
147
477
312
364
396
211
527
159
146
369
198
298
211
155
509
316
401
464
304
244
253
495
380
457
508
469
515
486
184
221
166
143
252
491
494
393
371
405
224
543
486
546
