70
140
109
93
98
124
81
103
92
133
117
84
142
64
117
80
104
101
103
102
115
90
91
112
66
97
60
123
72
106
101
110
94
112
92
116
116
119
115
96
110
101
62
112
78
64
103
109
116
95
84
106
115
87
131
73
90
81
115
137
86
113
110
82
70
124
107
119
82
80
103
77
114
40
116
86
107
87
113
129
74
87
127
94
113
84
128
117
67
102
84
107
119
120
97
96
111
87
95
71
92
89
88
87
112
105
132
99
95
118
146
171
106
70
107
80
130
78
131
159
103
88
96
99
92
107
129
110
94
142
96
102
95
64
86
120
75
124
74
140
103
85
