48
144
131
95
116
74
116
112
97
80
86
98
119
92
87
157
95
68
87
72
119
114
50
85
136
79
133
100
137
114
99
81
133
96
107
100
122
129
65
106
146
101
110
74
98
87
95
93
117
110
107
91
118
62
56
114
137
97
86
115
76
88
121
92
111
103
135
84
76
106
109
144
125
106
66
77
122
126
78
107
97
142
82
100
101
95
104
96
87
84
98
90
108
65
86
108
77
66
126
108
95
131
119
89
89
55
118
127
91
74
90
113
99
101
110
88
109
118
89
99
72
142
104
102
116
142
125
121
83
78
85
87
68
103
65
91
116
105
103
74
96
156
98
89
90
142
