48
144
241
231
272
179
522
463
298
197
471
429
197
303
401
572
470
276
169
416
190
158
303
161
350
508
297
458
311
266
442
489
251
528
202
419
444
254
361
423
452
163
167
259
335
303
191
300
266
570
572
529
284
329
442
346
274
215
323
216
479
232
396
408
483
550
367
475
232
317
423
525
351
190
146
338
316
330
474
484
330
491
542
322
248
395
433
245
175
277
496
194
293
569
207
404
270
425
278
450
221
410
344
351
553
160
499
404
276
548
175
418
453
526
249
165
489
344
476
412
296
285
458
467
314
394
307
370
470
184
435
547
222
398
297
249
375
217
511
280
229
196
519
284
169
211
