48
144
590
593
684
422
772
488
624
536
511
530
509
468
691
645
699
528
947
766
455
401
491
562
637
489
379
278
560
868
856
375
524
751
663
514
449
411
661
571
538
579
616
721
404
653
612
474
303
726
544
754
426
578
459
490
865
736
414
650
336
345
736
551
594
436
638
641
340
470
797
442
687
703
522
592
605
760
372
813
472
247
867
514
660
529
546
764
835
578
445
361
520
308
514
507
588
719
770
479
428
661
613
846
623
573
719
941
324
425
736
789
404
840
616
630
601
488
728
630
597
342
545
655
557
606
584
778
778
632
561
845
653
493
476
488
740
803
349
534
805
698
577
940
671
769
