56
140
86
127
103
121
115
71
91
77
101
77
82
86
110
98
80
122
99
86
134
112
95
104
135
115
97
108
108
91
102
110
111
63
170
110
106
122
132
90
99
125
101
105
122
72
90
70
129
118
50
104
115
91
96
104
89
92
87
103
61
94
87
97
80
90
80
83
124
109
92
61
120
78
129
107
145
117
99
102
88
112
110
113
149
98
101
103
116
153
122
139
83
110
129
99
87
83
89
92
69
101
89
89
126
131
115
118
87
72
115
85
99
89
124
99
89
110
129
89
125
116
109
122
114
105
84
116
110
110
113
116
89
114
99
71
67
83
108
124
99
116
