70
140
636
458
791
308
420
477
541
479
436
556
645
571
719
775
494
791
671
718
552
779
840
262
618
407
367
560
472
872
545
674
449
673
616
616
458
581
645
750
348
498
470
457
767
387
445
577
623
488
461
270
613
727
417
613
714
718
401
307
568
307
689
591
681
828
783
495
504
544
766
764
661
501
337
796
291
685
651
737
598
632
760
348
605
736
480
367
432
627
451
447
348
524
492
354
625
382
655
596
583
853
246
638
387
484
538
509
732
474
539
701
425
474
797
301
659
466
526
449
793
426
717
874
478
203
497
713
689
700
610
520
699
460
714
438
410
474
368
590
540
444
