64
144
494
573
635
496
300
559
697
533
549
755
325
743
581
595
824
541
487
617
545
587
449
479
636
352
468
601
564
691
525
627
498
878
224
551
553
651
512
523
547
637
427
794
723
668
602
454
409
416
646
703
535
503
404
191
578
681
962
482
580
295
752
495
518
709
724
212
674
665
376
571
743
630
300
653
570
843
463
461
452
603
680
248
755
549
790
527
719
377
471
602
658
642
719
540
732
564
603
553
584
666
585
580
448
622
692
577
519
597
478
656
562
803
700
523
746
853
620
739
554
361
660
517
711
721
867
787
530
426
816
567
730
519
777
456
409
644
496
417
757
433
489
507
425
494
