48
144
111
112
130
112
76
77
92
76
110
130
85
84
132
139
84
79
88
125
117
92
99
99
79
84
116
127
132
105
120
122
123
99
126
94
87
81
101
135
87
105
95
129
130
90
74
101
91
80
104
114
105
85
77
119
146
92
109
78
111
101
121
85
64
98
91
102
77
62
130
94
103
144
92
82
146
51
121
117
88
110
55
83
109
82
101
112
97
106
105
84
147
119
128
89
104
129
120
86
100
122
108
125
103
103
98
73
74
86
119
111
134
85
98
111
91
93
97
89
101
108
125
99
76
103
92
129
84
119
74
105
98
117
100
80
92
110
118
78
70
132
74
69
98
99
