56
140
222
465
401
200
457
355
283
460
377
280
430
290
525
399
555
355
504
442
418
268
401
475
170
409
201
182
299
227
194
338
399
319
452
222
363
528
282
165
190
520
511
438
529
204
515
464
486
288
356
524
505
512
329
207
295
282
188
147
183
221
288
327
346
375
229
344
399
333
270
360
151
506
349
154
498
427
234
152
482
340
198
320
526
504
407
480
490
188
410
274
314
332
547
218
305
151
547
553
212
544
483
228
337
354
395
314
228
303
243
145
471
525
555
141
530
206
453
375
536
551
257
358
412
432
378
434
287
338
527
287
430
170
184
370
240
504
410
213
436
296
