48
144
298
465
179
440
574
390
281
257
163
500
341
519
371
268
493
570
562
271
420
406
435
297
197
505
541
550
305
456
497
369
185
380
236
175
177
289
412
224
472
184
248
351
427
397
163
536
261
361
303
515
425
506
576
313
438
445
398
156
260
478
307
325
322
192
392
535
502
410
384
385
447
350
401
186
220
167
435
576
430
190
315
455
320
304
292
525
298
176
297
357
443
575
376
352
312
477
493
233
428
379
237
421
387
155
354
178
237
305
224
336
570
537
342
535
334
218
503
231
182
398
419
343
196
453
468
369
366
352
500
479
216
527
382
422
465
357
389
179
340
548
314
153
331
211
