56
140
312
236
478
423
150
482
344
481
385
143
148
454
412
169
352
229
423
466
267
349
159
377
368
238
214
299
184
368
170
300
264
533
187
484
440
428
394
191
457
513
370
334
386
497
228
552
500
560
247
257
340
263
268
297
463
246
525
461
379
389
540
187
476
152
392
450
333
372
293
420
506
379
197
424
277
346
213
403
171
256
338
494
213
383
155
222
261
559
231
307
449
502
315
426
361
239
222
243
521
263
210
414
174
403
460
140
239
468
247
421
191
457
263
415
153
421
277
323
457
160
276
331
168
345
167
513
209
250
202
421
292
317
465
408
451
406
167
163
229
204
