64
144
510
264
539
245
464
456
219
276
340
176
196
355
418
172
299
486
197
446
269
271
196
280
229
521
512
255
460
256
146
223
186
218
576
571
309
235
189
450
550
358
195
283
181
160
265
145
394
427
186
570
183
438
483
172
475
164
444
199
567
250
434
565
288
161
323
510
231
375
357
530
554
544
242
225
456
257
521
185
276
251
370
472
282
521
361
339
214
374
354
163
191
471
334
525
301
398
524
152
360
260
569
435
409
258
160
486
573
421
486
375
200
556
341
331
241
443
360
293
158
421
478
334
169
243
473
262
553
424
336
259
166
445
273
464
185
323
479
298
495
557
287
530
529
161
