64
144
751
571
484
495
641
496
724
610
573
677
741
629
594
574
449
545
596
554
585
667
667
844
324
516
587
450
704
702
684
771
559
511
204
554
343
395
764
768
348
576
337
691
574
488
333
572
564
726
640
618
489
586
544
494
699
623
474
892
463
630
702
331
744
546
572
717
681
608
499
774
555
606
733
494
713
611
564
362
447
452
426
770
603
764
283
482
829
461
608
578
684
687
704
641
829
454
504
399
587
980
889
732
502
876
403
551
613
755
669
177
668
501
462
273
593
481
685
537
557
444
702
590
443
620
483
692
496
677
548
658
665
514
467
623
536
589
668
579
287
520
436
516
653
672
