70
140
904
638
645
765
447
828
798
560
475
479
447
515
755
504
362
576
521
500
598
563
309
530
598
628
318
552
696
324
524
542
500
851
438
555
565
619
493
575
688
612
433
903
464
482
537
667
504
349
486
683
576
245
303
554
443
398
275
702
688
243
511
502
533
472
439
675
366
519
592
309
613
550
557
466
508
400
423
675
613
616
559
726
315
326
604
367
471
469
569
460
607
382
518
539
614
815
654
673
806
462
496
486
662
369
410
401
593
354
518
659
670
627
918
599
473
609
603
681
692
511
461
508
594
477
555
761
480
799
544
429
463
454
339
595
430
494
940
501
255
723
