48
144
411
670
481
554
590
459
640
575
556
606
300
407
322
435
370
579
571
579
431
750
422
718
494
688
637
650
558
559
659
439
487
537
432
429
623
416
517
550
409
642
652
356
471
786
637
411
430
465
711
409
717
705
349
530
544
715
394
519
498
448
527
655
788
280
401
620
951
713
798
937
624
517
832
669
866
744
543
672
553
581
847
616
527
421
448
572
890
717
631
635
453
545
776
396
525
629
570
553
668
463
661
770
498
696
484
498
480
663
831
579
466
568
555
650
503
406
497
886
619
542
546
458
608
443
712
594
587
637
706
599
455
466
780
484
631
375
450
544
571
394
460
506
826
826
