56
140
327
142
362
419
398
374
447
196
549
455
147
343
316
379
388
520
478
202
328
253
143
445
480
463
148
308
498
183
389
327
336
442
531
248
377
171
325
348
293
225
508
557
550
524
244
452
146
148
558
223
542
393
343
235
298
456
219
378
463
525
340
143
249
189
223
202
188
247
526
410
494
204
143
517
526
267
226
169
500
518
310
463
144
403
482
177
281
186
488
334
148
233
551
386
433
264
529
433
316
538
520
529
327
528
318
539
506
398
543
370
529
327
466
389
219
363
354
356
518
373
141
335
316
549
508
534
298
341
299
147
501
533
475
558
320
395
336
286
419
173
