56
140
63
89
102
57
132
23
21
60
117
86
158
41
141
60
47
80
120
103
134
185
169
60
47
95
177
109
114
77
109
134
138
88
18
46
115
133
76
38
39
146
203
181
100
75
140
121
97
138
102
63
162
31
162
107
122
145
49
25
219
103
136
47
127
23
12
225
87
151
32
108
95
106
76
72
218
72
189
204
98
64
88
70
183
146
76
133
197
148
185
109
34
21
161
68
16
127
93
117
208
58
87
161
38
149
145
110
179
171
98
58
19
105
66
138
128
126
182
122
115
148
98
57
116
126
68
112
77
181
81
130
182
37
212
98
131
116
95
74
178
108
