56
140
626
736
608
341
695
503
378
600
636
479
597
306
618
618
595
490
587
582
613
491
423
711
534
659
766
610
502
355
623
591
500
364
356
427
513
813
540
519
341
511
491
374
538
476
620
562
743
661
628
465
572
502
455
307
562
775
537
384
577
475
623
484
336
620
529
399
436
654
718
496
656
623
615
636
605
730
545
687
552
703
495
684
484
550
278
545
775
669
542
606
559
508
563
329
428
384
425
167
651
573
560
625
699
412
443
363
339
651
825
686
645
681
468
539
508
759
507
534
749
657
453
760
505
458
684
441
559
439
544
647
521
555
277
583
743
590
404
622
425
493
