48
144
167
206
158
76
118
133
44
203
57
53
189
60
96
150
134
65
169
74
153
105
38
98
101
128
76
109
97
44
228
103
62
94
145
162
93
102
224
148
93
100
176
44
148
65
81
126
36
96
80
147
66
137
77
140
120
135
131
7
130
67
29
72
71
17
109
107
82
104
36
66
97
127
144
46
112
143
130
41
68
135
144
138
117
144
79
24
63
83
1
162
122
227
131
87
105
107
18
77
117
164
74
103
23
122
42
73
71
268
107
100
118
74
138
140
108
72
166
78
56
178
21
106
50
101
133
15
204
113
126
83
165
159
56
28
151
77
133
94
218
133
49
82
60
78
