56
140
475
473
470
473
289
280
571
502
495
477
418
575
630
728
376
584
482
218
695
602
619
389
625
786
810
448
711
503
534
405
508
805
603
562
510
641
434
498
391
336
602
371
712
538
518
766
837
578
256
662
610
469
745
767
506
490
370
373
567
436
511
557
675
448
432
494
441
240
525
303
479
517
621
330
745
468
520
477
685
426
809
701
764
646
515
395
430
510
508
523
516
538
486
542
472
751
256
424
480
598
655
950
662
516
638
348
523
609
671
767
574
723
754
559
440
382
325
731
347
919
473
495
584
384
506
606
508
494
278
502
817
586
776
294
752
420
624
416
468
441
