56
140
557
390
413
511
451
213
491
372
355
278
517
301
311
400
506
230
204
429
532
166
319
159
317
461
294
529
193
509
306
392
374
476
392
197
208
150
229
409
427
550
478
225
510
309
548
351
416
302
380
389
445
379
508
487
241
381
240
203
500
237
275
204
525
378
484
415
445
337
454
382
479
350
276
406
462
203
311
307
339
298
280
369
193
195
288
558
436
517
200
315
459
410
158
402
177
378
240
532
227
284
280
226
354
258
198
353
474
281
281
210
204
285
146
539
170
326
279
407
265
352
544
407
441
464
525
385
492
469
336
223
193
153
307
183
424
215
243
314
358
344
