70
140
111
113
62
111
101
119
116
93
131
95
110
97
85
90
81
110
66
95
118
109
80
100
90
125
118
112
106
112
98
114
137
94
119
90
116
77
132
127
79
51
109
99
76
99
72
101
88
142
119
77
84
86
121
61
108
112
92
116
83
105
122
62
111
131
107
85
100
103
142
54
154
86
113
95
107
154
88
88
61
104
102
106
115
120
122
112
125
118
105
68
162
89
95
102
88
90
71
57
126
100
96
91
71
102
101
95
106
84
117
105
92
100
126
105
141
107
90
102
67
120
128
108
108
70
108
99
109
112
90
112
80
45
117
97
87
99
106
86
74
94
