70
140
364
442
489
381
371
549
314
270
258
176
217
547
466
364
339
143
435
344
457
194
338
451
396
373
193
357
520
527
357
249
503
148
303
434
261
516
560
531
498
142
325
390
253
447
218
297
203
462
460
307
335
316
409
513
520
311
356
199
204
326
432
298
286
144
244
439
373
490
414
332
557
234
526
506
291
538
551
541
428
310
212
534
385
161
460
343
450
195
303
269
485
314
383
216
523
524
450
385
392
240
222
472
188
487
383
398
502
182
193
500
434
152
204
345
430
492
194
552
414
490
352
522
323
473
246
262
265
167
188
488
151
228
406
386
148
295
544
293
181
243
