64
144
86
94
89
102
72
110
123
85
131
81
129
139
107
102
114
141
130
94
89
91
87
110
115
125
104
92
124
59
91
79
84
72
77
82
103
97
96
157
130
77
147
72
80
104
115
116
89
50
71
87
68
85
101
112
133
108
120
81
94
132
45
118
92
98
101
83
123
80
106
106
134
96
106
78
90
87
63
116
117
102
94
117
120
127
61
90
115
97
65
120
65
122
92
146
81
90
100
123
84
91
121
91
110
93
92
68
129
81
78
111
84
89
136
103
101
106
93
105
98
116
108
106
99
113
95
114
121
94
102
117
95
93
129
138
80
104
65
98
95
139
164
104
123
108
