64
144
826
775
566
730
266
807
705
417
657
797
490
739
701
731
297
511
598
547
480
532
356
531
252
905
812
620
534
773
486
346
33
785
509
653
564
799
594
555
249
607
393
626
596
545
440
642
400
410
543
574
515
634
904
765
478
268
476
739
672
502
700
329
472
488
588
800
299
625
655
762
832
514
490
732
648
682
447
569
372
614
541
520
440
601
588
630
647
481
761
747
463
617
749
282
484
605
559
435
892
589
706
608
477
305
571
429
533
515
742
425
609
518
591
370
569
704
474
412
602
744
531
703
480
777
345
507
695
735
430
432
701
314
718
624
442
651
636
638
554
576
677
631
446
556
