64
144
196
146
108
112
44
106
63
79
79
166
39
122
171
126
133
73
92
99
92
81
96
160
125
118
59
89
134
226
94
86
152
161
44
88
33
85
159
56
96
134
13
183
195
100
191
85
89
102
172
62
106
43
36
108
59
89
167
108
86
107
160
105
2
32
152
136
28
113
97
42
91
72
127
98
58
92
162
86
109
176
34
19
97
118
38
63
182
73
59
30
193
36
206
147
111
78
81
24
96
127
75
70
1
155
78
13
108
43
156
104
110
206
155
136
170
43
159
122
193
79
142
104
114
72
141
53
84
185
15
28
126
58
167
117
140
104
126
61
87
67
107
191
130
97
