64
144
78
165
45
136
21
71
79
193
140
104
49
60
149
74
124
157
158
85
153
114
26
53
163
128
72
21
119
121
49
104
50
78
183
101
170
123
35
198
103
47
153
54
145
157
106
143
68
127
88
59
57
153
38
18
85
66
91
11
98
26
69
158
101
67
147
127
128
140
117
65
139
45
73
65
89
170
156
123
110
40
224
181
76
125
150
13
149
22
76
95
102
110
92
139
98
78
1
140
199
156
104
127
100
51
131
114
159
22
107
128
43
86
63
47
68
44
147
107
154
42
120
30
99
199
116
8
113
113
93
84
88
83
96
138
34
168
84
79
94
118
150
115
2
57
