48
144
403
240
201
426
288
522
208
192
289
574
247
415
234
509
249
401
219
484
316
427
222
395
524
526
268
190
298
203
506
372
439
433
350
509
486
538
247
390
445
264
319
206
465
309
532
297
163
479
228
378
392
399
420
311
284
281
421
153
437
411
576
296
357
515
454
506
336
228
408
283
425
218
317
196
266
166
415
282
489
531
403
363
531
539
327
383
570
148
554
283
329
212
458
401
437
425
453
180
427
316
206
523
492
506
232
274
533
550
291
144
461
548
454
454
567
564
473
330
308
426
459
402
446
425
248
301
505
546
238
336
501
184
247
551
423
407
187
239
200
512
162
446
389
436
