48
144
436
650
641
592
495
577
402
362
673
635
477
491
502
668
585
472
725
625
536
535
497
486
440
428
752
459
738
484
697
312
519
475
509
555
591
583
421
640
380
920
532
671
650
400
472
710
546
344
840
259
352
626
542
662
422
539
578
350
749
638
674
641
461
804
691
308
503
536
446
629
180
440
454
459
676
303
644
671
584
511
668
816
489
777
542
446
792
574
700
478
780
453
585
440
548
569
545
463
358
627
551
515
624
477
381
799
744
364
604
489
652
616
321
480
528
718
392
592
276
327
467
220
292
555
768
664
567
462
789
530
508
613
448
728
861
415
659
473
522
521
456
541
437
671
