70
140
432
423
349
531
166
224
354
501
208
482
523
345
452
184
398
287
495
358
307
533
151
215
259
310
182
165
267
234
188
324
407
327
470
505
523
141
521
388
232
348
163
366
272
547
465
338
460
259
538
383
497
476
369
518
290
509
221
245
280
493
249
261
325
293
444
239
177
428
474
505
549
518
175
417
343
548
530
272
534
542
474
311
427
370
479
445
201
239
142
356
419
499
473
271
308
476
181
178
241
140
515
295
242
228
299
327
287
273
458
154
347
181
166
324
266
296
529
484
550
289
414
296
188
151
493
453
407
144
147
336
342
321
299
431
501
491
491
216
455
373
