70
140
402
677
505
632
736
678
477
364
505
432
727
668
444
736
1104
520
593
560
554
388
622
472
664
354
829
522
563
237
407
614
669
294
592
577
679
794
702
362
568
503
185
592
477
661
646
727
562
305
433
382
610
523
529
550
523
808
819
707
400
615
477
653
630
665
463
678
507
394
424
563
481
521
574
611
396
571
610
836
603
399
562
708
367
643
344
369
461
591
651
673
361
698
499
336
732
470
567
598
436
441
311
375
493
643
543
530
703
636
368
666
539
632
602
516
697
485
740
610
706
416
561
764
424
717
503
339
514
467
515
441
645
473
588
386
525
625
208
648
546
558
