70
140
99
94
100
121
111
93
97
115
112
65
114
108
120
48
101
103
118
102
89
93
87
132
81
94
98
116
88
85
103
112
113
86
83
60
128
100
86
111
128
144
121
97
105
107
121
96
98
81
118
97
76
111
79
85
141
117
82
68
91
113
121
79
85
100
81
67
149
74
133
133
116
101
106
119
121
126
103
97
98
102
90
104
83
98
76
108
87
72
62
97
65
77
111
98
129
90
130
118
73
107
95
107
94
92
79
102
89
85
106
113
112
71
79
87
112
77
102
104
134
102
108
106
89
92
100
101
100
132
92
134
101
102
112
86
112
79
71
95
107
68
