70
140
675
416
633
254
366
734
741
610
517
744
841
447
613
758
503
441
294
632
332
487
327
620
800
201
515
661
619
460
524
465
511
636
597
654
482
453
314
576
566
426
319
529
425
634
626
663
642
660
412
347
197
555
445
666
668
265
424
644
575
365
595
454
465
575
459
431
714
410
734
649
523
612
546
559
536
439
407
811
252
692
543
954
549
699
551
662
529
527
581
548
528
746
718
699
632
476
494
222
544
402
401
221
708
699
608
561
580
333
547
414
737
458
577
586
687
174
580
622
584
607
768
480
659
581
448
388
620
689
611
589
601
420
580
576
568
728
517
417
538
748
