48
144
233
251
391
526
175
428
237
186
463
327
428
213
359
155
480
382
508
157
430
246
335
197
177
472
325
291
376
377
280
145
495
310
185
409
169
541
353
434
292
254
410
230
360
180
443
492
198
484
477
245
172
345
364
252
572
522
520
484
472
266
576
487
329
323
282
345
309
183
400
167
210
511
541
493
559
416
298
503
501
293
217
234
411
265
429
206
503
465
395
336
405
547
363
292
279
246
567
485
358
193
295
186
325
246
234
392
370
187
426
470
517
341
366
273
211
161
174
224
414
554
460
284
516
508
347
161
532
495
232
442
367
480
176
254
212
493
460
192
389
565
460
214
285
530
