56
140
64
104
134
103
65
77
45
94
112
93
121
146
114
85
65
114
125
114
63
112
124
75
106
85
107
98
140
89
98
103
120
122
109
86
86
100
83
103
95
100
116
111
89
111
96
121
89
66
67
92
96
130
96
76
77
121
68
133
105
126
105
103
111
96
108
117
124
145
68
113
102
86
121
132
84
102
132
73
120
76
92
70
94
83
118
62
89
101
100
101
83
58
98
92
110
95
111
102
146
83
103
126
106
80
133
131
123
130
85
103
102
111
146
102
116
121
103
107
75
92
110
98
107
118
134
101
97
74
86
82
61
109
101
103
127
106
97
76
104
109
