56
140
119
158
88
7
79
121
105
237
57
195
121
119
185
209
88
130
168
210
102
76
32
43
156
134
57
142
41
173
186
156
127
101
157
91
127
104
128
126
107
82
59
41
115
67
170
49
115
106
131
92
176
108
41
123
138
248
120
92
184
76
3
134
58
26
134
113
37
183
82
114
121
173
88
97
73
147
231
46
83
74
111
148
134
44
133
41
117
144
34
51
172
124
43
179
152
110
134
114
70
100
203
93
97
45
62
95
168
133
116
19
45
128
100
112
40
72
61
4
103
98
82
147
193
91
197
88
79
154
52
99
44
30
100
94
43
116
145
177
47
110
