64
144
100
99
74
90
107
86
92
117
102
92
97
77
110
120
109
99
85
98
98
88
91
114
76
97
108
72
96
99
117
114
145
107
100
95
103
100
113
113
105
85
99
137
104
141
107
102
102
92
106
136
105
125
130
91
88
80
110
110
111
147
75
107
89
128
94
96
86
86
119
73
124
122
110
101
107
106
143
93
113
111
105
131
94
105
91
101
105
114
107
115
98
102
94
120
113
109
98
100
124
65
105
111
78
92
87
96
95
86
109
66
106
114
82
84
139
91
127
74
76
53
61
88
104
90
129
108
99
93
71
93
103
77
104
129
100
108
84
117
114
108
106
90
84
79
