56
140
141
88
114
121
140
121
107
99
85
211
52
85
110
124
113
65
58
29
142
79
166
119
151
15
163
44
140
117
158
52
91
77
148
84
61
192
45
183
116
171
112
18
128
61
57
85
123
86
142
74
120
144
68
36
68
44
24
225
91
62
86
111
113
141
44
162
67
132
122
159
125
121
118
186
167
115
116
37
21
118
40
140
128
196
44
111
113
95
121
147
86
76
114
205
110
95
42
77
185
92
98
109
160
82
112
111
74
36
64
157
148
85
95
148
122
46
93
91
173
163
67
138
60
181
188
85
149
138
170
38
95
161
120
116
152
133
49
82
148
132
