70
140
204
439
146
295
202
174
312
560
385
348
486
475
479
169
201
342
186
211
486
211
150
542
291
504
466
186
495
224
460
351
359
516
412
384
323
377
412
527
535
551
234
168
398
407
522
173
463
426
258
398
428
311
323
481
446
402
322
190
473
159
186
358
493
475
165
383
314
140
394
209
278
411
276
323
335
255
431
453
141
256
531
372
145
432
392
530
506
217
246
446
438
527
345
241
370
338
418
150
394
147
449
176
424
206
199
345
283
220
399
408
160
362
278
237
195
392
435
403
237
393
277
385
362
375
411
448
552
324
165
171
422
333
424
192
470
256
485
427
445
435
