64
144
566
534
592
743
649
531
418
377
655
519
766
651
625
633
797
582
519
575
720
704
701
538
590
468
748
721
546
676
692
622
803
548
648
829
908
592
792
470
465
650
730
789
600
706
251
659
517
418
771
276
587
603
587
687
651
632
686
594
503
567
439
511
458
497
621
511
476
549
482
514
682
723
482
578
662
462
502
627
695
683
514
488
848
530
513
970
463
600
503
515
386
742
503
486
601
629
520
362
686
694
678
638
498
430
592
405
442
535
584
528
646
443
728
594
471
455
707
656
598
603
721
524
532
573
511
629
323
753
377
524
497
444
644
464
650
553
441
626
615
293
630
497
557
652
