56
140
587
398
555
731
337
830
384
344
757
460
514
810
897
747
492
643
468
443
326
459
376
681
663
652
653
364
369
509
534
413
358
579
611
615
639
419
473
548
533
484
436
458
657
410
418
643
805
517
651
612
730
703
540
649
709
591
483
618
613
489
422
668
611
603
763
617
634
535
668
510
348
791
513
793
470
763
391
247
638
686
371
589
308
688
529
655
460
441
556
540
811
591
403
714
415
633
468
640
464
326
541
608
629
439
775
435
581
400
769
532
428
617
416
780
722
557
717
784
400
681
738
575
611
593
724
943
528
627
477
503
405
755
432
536
481
274
424
280
626
388
