64
144
121
97
131
113
95
91
52
115
62
98
92
79
85
119
92
77
113
78
104
102
95
96
136
93
29
98
85
105
88
111
122
103
108
83
112
73
139
102
76
88
112
94
101
154
46
90
115
101
113
104
124
139
94
80
79
114
101
104
72
132
72
134
94
81
73
84
94
77
82
59
115
91
92
101
97
115
104
84
82
95
82
117
114
116
124
98
96
133
86
125
105
90
123
125
100
102
110
99
121
83
80
95
78
135
86
121
115
100
96
80
72
69
153
116
96
90
116
105
89
88
93
79
81
118
108
126
106
109
115
86
124
93
103
94
127
83
132
129
59
92
103
102
65
119
