48
144
652
508
474
517
723
535
763
551
437
582
771
508
498
445
592
503
533
614
646
620
543
627
440
550
697
621
734
738
457
668
499
683
443
584
720
279
457
852
538
682
488
661
722
714
634
435
350
505
661
423
434
739
564
682
660
598
371
443
563
515
448
657
481
765
593
699
440
398
737
633
707
734
623
581
594
687
624
811
650
456
441
728
440
773
577
776
644
605
570
762
767
317
605
562
473
754
938
632
657
567
691
590
644
598
593
748
660
817
488
801
460
411
583
297
840
337
677
465
561
721
704
677
708
514
385
950
808
585
529
540
643
706
426
513
473
382
365
815
815
539
604
723
582
795
