48
144
523
646
631
291
578
835
623
851
606
471
613
388
387
639
471
562
585
586
240
501
785
392
866
602
494
584
340
701
479
410
380
504
699
465
686
458
458
385
753
838
679
510
735
579
316
605
683
195
649
585
687
463
686
494
549
321
465
691
767
487
537
514
698
611
563
526
704
471
637
530
633
460
601
617
558
644
766
331
562
559
670
606
493
556
654
507
665
731
468
856
616
462
469
684
840
797
656
561
611
448
539
565
693
1107
735
535
435
670
577
575
331
387
540
737
638
721
204
509
481
362
563
484
630
670
647
813
416
497
866
650
606
458
585
383
627
655
478
645
706
822
806
633
578
500
