48
144
453
213
416
333
524
444
381
554
536
260
197
494
475
320
262
209
313
501
416
373
576
193
549
501
504
350
400
169
310
552
327
169
314
412
329
398
493
396
416
169
214
220
459
538
349
148
287
271
491
181
226
567
370
523
362
463
211
230
262
183
290
322
235
512
304
253
449
152
557
504
366
232
214
202
529
256
314
336
174
279
413
483
254
393
170
378
167
230
304
392
491
170
153
479
477
458
443
358
287
480
331
433
565
570
554
533
196
404
220
443
463
511
451
476
187
324
259
199
459
376
312
448
298
373
449
286
335
229
439
276
146
573
370
493
508
312
393
199
428
421
364
294
339
469
