64
144
122
121
190
94
14
198
6
113
43
189
25
76
145
102
59
123
70
58
120
189
147
176
54
137
21
64
159
78
62
64
203
116
44
114
69
65
107
20
128
137
30
102
39
107
180
184
130
21
53
228
96
167
112
27
103
84
136
70
37
74
178
96
88
107
141
74
138
174
132
82
125
139
96
137
69
158
55
57
116
64
94
154
94
118
119
42
226
49
199
80
106
100
163
111
91
72
124
200
99
197
3
125
5
91
98
99
120
81
78
101
129
106
75
196
37
169
55
56
55
98
95
44
85
109
177
79
108
166
67
112
66
8
28
158
182
74
137
30
56
92
130
79
117
50
