70
140
137
75
135
136
127
105
126
52
163
133
35
102
143
100
163
58
134
63
101
130
186
156
216
94
65
215
167
152
51
157
123
48
131
59
153
114
122
95
145
88
161
8
113
141
113
66
104
45
82
93
92
59
87
37
90
142
112
109
95
86
102
143
131
71
119
68
40
139
140
110
174
110
82
130
151
84
92
104
93
54
80
177
87
8
71
55
45
39
89
127
119
175
129
145
89
121
134
181
149
79
102
94
67
112
158
52
25
76
148
61
149
67
13
118
116
130
108
86
187
4
139
45
169
117
78
98
46
177
180
72
164
84
95
12
68
50
47
273
137
41
