56
154
145
60
5
66
125
131
107
127
138
135
87
62
42
54
126
26
104
110
24
52
102
146
89
128
151
113
43
130
88
15
64
151
172
89
62
103
168
49
27
191
76
61
51
45
40
129
13
77
131
87
111
102
82
45
104
57
108
64
84
6
121
72
60
169
155
39
50
60
122
112
82
195
68
63
105
106
62
130
79
111
184
121
41
81
112
15
102
88
155
95
86
68
94
38
135
51
115
195
104
172
123
118
165
130
134
127
70
217
132
111
125
161
145
57
100
78
89
138
168
171
57
139
44
84
156
108
80
90
104
154
113
65
124
29
142
15
34
110
105
99
39
165
123
195
69
72
161
242
140
236
117
137
60
105
