56
154
95
82
70
20
198
62
159
134
42
117
156
138
87
41
81
97
219
33
90
54
104
147
86
112
90
80
68
129
76
70
153
94
90
93
7
62
35
47
53
74
72
24
188
12
135
188
146
43
82
100
104
103
105
130
11
127
161
133
1
118
202
8
110
67
70
81
137
146
53
115
113
162
87
149
127
29
50
117
141
87
129
23
68
58
100
80
156
54
96
91
150
175
52
128
93
55
52
28
78
108
138
118
87
56
105
103
67
25
63
88
108
164
63
149
20
70
40
96
60
60
149
136
109
79
127
38
39
133
147
48
121
39
84
43
133
95
139
161
166
154
144
81
111
85
63
58
66
15
51
6
58
110
73
139
