56
154
500
215
573
448
363
202
616
220
195
160
500
201
248
282
210
223
332
242
293
579
427
329
607
566
365
496
379
520
420
544
501
168
163
492
224
396
519
311
305
344
463
559
481
307
452
420
411
435
197
393
455
592
332
305
408
442
615
384
335
312
267
586
600
451
517
305
592
449
448
161
471
257
295
609
278
379
357
465
195
228
449
235
595
539
517
478
179
598
238
447
344
190
330
602
292
424
205
472
388
609
365
567
179
436
307
495
496
463
362
403
399
495
541
484
544
552
364
397
296
322
604
286
487
592
388
254
163
193
587
474
479
389
274
366
196
314
327
483
562
190
259
427
519
426
472
612
509
483
168
274
446
320
604
156
