56
154
117
74
77
104
67
115
90
57
71
102
123
89
91
117
89
78
71
74
76
90
104
86
83
77
107
91
87
93
99
104
105
106
81
101
97
111
76
67
105
109
111
97
108
90
122
108
94
103
107
100
99
88
100
115
113
74
109
119
99
83
119
92
92
119
102
102
107
131
94
72
126
75
132
104
95
102
122
79
83
80
78
98
88
90
112
118
44
149
102
82
108
97
113
105
107
76
138
113
93
94
85
117
111
114
149
84
109
114
126
104
76
113
119
113
112
119
64
115
59
120
92
84
75
126
110
82
119
123
145
105
115
94
77
95
114
133
92
127
91
116
70
114
84
111
57
97
101
110
86
98
136
111
108
89
