56
154
486
744
562
902
696
823
347
871
620
821
480
518
761
691
710
599
728
754
523
410
845
577
600
693
501
1019
753
356
796
665
476
328
345
513
490
498
650
301
488
677
632
636
562
849
534
458
444
738
496
783
619
512
648
520
894
602
502
428
342
507
832
664
634
497
598
478
299
649
387
564
462
600
929
562
507
453
631
531
662
588
986
543
415
875
772
658
459
594
717
598
436
719
689
644
800
435
715
504
420
485
536
660
421
704
825
784
783
467
880
439
704
682
268
565
713
584
693
697
604
871
643
565
500
436
721
617
814
712
649
415
486
384
606
553
519
620
639
573
598
864
657
618
757
513
589
816
806
707
754
545
501
480
375
686
