56
154
335
431
485
162
529
163
350
201
533
185
352
268
292
372
166
195
331
370
328
224
318
433
561
613
500
216
492
609
380
548
248
368
569
595
591
406
370
467
331
604
396
609
482
606
408
472
172
561
157
596
264
483
386
183
368
349
366
561
316
422
545
402
306
438
572
474
607
465
187
497
281
331
295
571
472
612
400
430
585
464
557
350
485
357
514
183
274
426
276
485
499
242
520
221
437
172
532
363
540
270
270
568
511
415
350
317
409
221
233
248
368
540
479
296
258
520
475
478
331
208
529
199
388
217
519
349
548
299
494
568
450
212
165
158
561
510
449
193
240
519
159
572
176
506
549
589
227
409
446
424
435
154
547
336
