56
154
468
572
414
276
246
539
501
536
231
190
374
612
312
396
234
488
307
489
380
587
511
488
534
598
567
349
457
237
541
609
241
313
615
572
545
244
189
545
390
179
298
234
341
546
287
162
242
359
419
156
594
316
332
582
406
272
409
209
378
560
527
343
549
273
616
202
259
409
377
380
349
491
259
351
385
213
305
460
472
262
332
320
366
528
227
262
268
208
213
298
401
213
425
262
188
228
330
466
241
296
430
243
503
272
556
265
227
432
481
257
250
338
410
268
315
449
552
567
463
569
413
276
246
293
592
385
276
609
258
276
588
588
346
252
327
501
494
609
290
473
325
502
335
263
393
436
597
393
294
357
444
290
287
173
