56
154
430
717
888
637
665
433
490
499
385
500
638
645
597
605
732
594
608
810
512
1076
741
472
767
752
560
645
451
315
588
396
886
670
620
558
597
609
532
495
550
555
740
751
391
600
765
550
688
617
810
550
485
712
497
711
642
465
487
715
572
594
403
780
248
677
503
720
531
481
737
543
528
577
581
373
634
635
744
766
527
429
517
457
411
898
799
636
637
526
513
443
767
373
675
393
726
403
469
667
604
468
588
685
557
646
663
751
565
490
743
565
657
496
706
512
696
531
663
564
865
858
652
506
459
588
554
930
748
208
418
673
761
607
816
409
418
636
571
872
538
618
621
605
667
843
669
726
544
600
841
1010
439
931
420
613
