56
154
78
63
115
157
147
211
134
157
116
48
76
93
86
136
161
75
148
122
41
40
147
56
152
100
26
168
78
123
60
8
95
143
23
78
45
180
76
159
163
80
118
54
51
56
158
35
95
143
153
38
230
61
198
8
133
132
162
24
123
198
152
18
217
121
137
160
110
85
115
145
89
124
105
151
16
83
94
65
144
148
89
130
137
131
70
162
159
87
106
51
7
108
101
36
109
124
62
136
120
116
115
106
114
157
133
216
146
114
93
24
135
49
68
175
74
148
131
124
124
78
105
42
93
70
157
132
76
107
58
182
2
63
141
138
84
200
158
12
48
107
84
62
78
40
24
136
63
90
86
41
107
116
87
86
