56
154
179
58
168
91
129
125
158
85
59
80
118
134
178
68
88
160
182
117
89
95
102
124
148
116
107
81
143
50
122
68
63
77
119
149
103
38
157
153
34
142
88
150
99
143
93
66
97
29
99
172
121
74
271
90
45
107
62
28
116
118
90
140
3
139
59
71
164
102
135
1
163
94
141
194
188
133
45
135
83
102
136
95
56
91
94
154
40
7
85
144
102
113
92
10
11
142
71
112
33
21
102
36
128
106
72
170
75
148
182
156
110
103
140
140
72
91
147
77
151
131
65
175
23
110
164
70
68
78
178
39
172
107
79
113
132
67
129
79
119
92
92
118
112
112
107
78
179
65
139
127
140
119
165
74
