56
154
95
107
103
92
99
72
98
111
100
82
63
142
125
107
102
86
116
100
92
84
52
128
122
131
96
113
111
79
94
85
136
93
110
100
125
128
110
99
98
115
153
82
105
132
100
78
101
101
105
101
109
94
127
98
117
88
104
95
106
112
105
95
110
78
102
108
139
84
66
96
93
114
126
83
96
129
68
104
112
136
118
115
111
96
97
101
120
99
101
86
72
80
108
80
96
84
90
133
69
89
128
100
118
87
166
78
116
77
106
101
66
89
96
106
78
108
93
71
100
79
109
94
101
103
75
133
84
144
94
86
105
103
113
74
121
114
117
124
83
105
100
109
77
122
121
102
97
118
77
71
96
104
141
100
