56
154
373
600
552
583
336
279
546
466
607
463
278
305
528
272
258
325
538
344
576
174
158
440
519
573
517
455
394
473
612
269
562
411
367
346
373
404
390
229
426
255
504
402
401
183
254
224
470
318
458
410
495
310
391
392
276
176
604
555
434
209
550
538
371
348
245
428
342
439
508
503
463
200
528
199
199
528
567
260
491
575
261
606
468
552
528
312
222
594
238
288
190
318
298
447
307
553
438
580
365
293
208
499
445
568
590
194
307
308
376
406
587
392
589
457
180
250
599
188
584
388
492
511
595
378
304
235
586
223
391
226
223
173
584
232
607
383
274
358
399
332
173
348
377
572
354
217
534
276
192
496
178
463
483
255
