56
154
80
54
95
59
114
93
88
142
113
71
138
76
93
118
107
44
106
98
73
78
139
101
106
87
92
57
116
85
129
60
115
100
83
124
133
97
77
122
87
81
111
134
109
107
119
74
113
85
96
76
83
105
64
105
122
109
88
93
85
93
65
108
114
81
105
88
100
124
114
103
109
100
119
139
118
123
102
105
62
109
100
85
112
115
117
78
100
107
87
87
98
86
88
108
94
89
104
97
99
108
106
78
84
111
104
102
128
78
98
124
112
73
92
88
102
106
78
98
88
80
116
125
80
57
102
89
61
106
54
90
108
86
97
122
92
112
98
108
72
110
97
108
94
71
130
115
76
88
110
119
79
95
110
103
