56
154
142
82
121
98
106
98
114
99
155
123
76
143
123
96
93
89
62
93
98
105
112
101
74
115
78
99
127
114
67
104
99
92
79
122
89
119
82
79
78
107
75
98
113
117
104
112
106
108
122
98
94
75
109
98
106
125
131
78
89
104
97
105
122
114
98
94
141
144
79
104
93
71
95
107
102
116
131
82
108
155
108
111
74
132
107
110
104
79
155
95
137
101
115
87
123
94
95
101
107
119
111
106
124
68
130
103
121
74
129
76
105
87
114
128
101
75
85
119
104
90
96
132
77
91
27
99
105
117
110
109
107
74
72
129
142
109
111
154
105
114
135
90
103
90
103
111
108
83
152
40
121
55
65
89
