56
154
135
109
66
104
102
125
104
108
88
72
98
76
121
105
138
103
78
101
137
93
99
98
68
115
69
73
115
103
81
103
118
97
87
98
86
94
110
96
77
97
95
73
107
142
85
106
112
96
122
126
117
76
102
102
104
86
108
114
109
85
111
80
99
77
89
105
151
106
75
116
73
118
127
112
81
110
97
93
46
69
90
92
103
112
123
100
88
110
90
120
58
74
77
72
122
87
101
89
115
84
106
86
54
125
87
109
58
113
113
86
119
88
102
88
76
109
80
117
109
95
112
149
102
104
116
59
97
63
84
107
125
113
93
79
115
101
100
94
110
105
102
91
124
97
111
61
97
76
75
73
78
76
65
91
