56
154
361
540
528
579
173
607
169
243
168
380
266
488
586
356
229
187
315
428
171
444
382
491
416
587
403
401
570
271
404
613
160
518
277
359
501
415
386
300
327
345
429
603
493
386
335
491
586
249
305
512
410
296
428
426
170
340
536
540
540
473
514
403
338
449
592
550
490
567
287
430
477
414
282
161
573
437
250
365
465
531
315
512
540
402
464
551
493
215
462
214
509
371
232
334
414
479
590
334
562
507
302
576
429
415
322
316
197
230
228
454
261
587
484
394
206
582
272
598
273
379
399
472
272
411
369
406
288
246
560
464
289
432
227
420
352
454
368
514
586
159
547
402
246
520
242
277
526
463
284
586
394
184
611
234
