56
154
90
80
106
92
115
145
94
113
81
97
126
125
89
57
75
68
120
99
80
121
132
113
77
94
89
105
137
72
115
76
71
124
116
94
90
96
91
95
111
97
76
100
90
94
109
94
110
87
85
141
125
118
87
119
133
81
84
95
119
97
129
97
81
107
111
117
81
104
79
102
91
106
133
115
116
123
85
98
90
90
144
48
87
87
127
134
80
107
101
98
119
112
116
122
121
146
91
69
85
131
121
69
93
78
117
68
86
100
106
108
96
84
64
128
60
72
93
39
106
103
101
106
124
101
110
68
102
78
112
109
95
79
83
43
121
99
74
98
84
74
75
98
98
65
118
63
104
92
69
94
110
111
125
114
