72
162
244
726
685
233
788
351
552
451
690
911
422
539
986
709
673
530
773
524
424
674
570
707
639
620
524
825
652
414
806
189
702
569
753
870
523
532
826
653
544
711
457
437
554
375
354
751
859
798
931
604
826
557
831
842
681
1021
509
525
785
930
721
895
710
771
872
573
643
606
810
539
818
602
810
821
704
779
658
592
435
582
430
687
728
698
534
764
610
586
611
441
905
821
516
705
487
662
884
556
574
554
405
383
922
537
598
658
738
829
321
556
577
535
353
633
729
309
436
313
628
819
636
810
569
841
953
875
656
919
700
459
630
586
530
909
843
709
709
626
787
758
696
693
619
423
908
876
695
900
904
671
500
616
598
818
468
571
614
737
749
396
480
693
