72
162
668
392
699
518
1043
701
681
790
526
607
371
670
407
846
761
678
754
835
678
838
928
556
743
534
748
608
622
705
574
835
405
746
682
564
495
703
659
729
1168
544
642
645
523
852
464
1045
589
806
938
854
401
116
587
562
484
434
594
598
865
653
512
735
802
584
933
604
721
437
591
707
878
656
444
563
792
656
1074
749
452
670
900
1104
498
402
607
467
691
799
669
861
527
640
579
347
622
568
152
592
634
760
411
473
609
889
761
867
805
711
744
547
479
875
547
625
633
927
619
770
784
725
704
737
631
387
436
908
740
543
760
487
646
827
798
445
734
608
436
727
704
615
507
757
896
552
389
683
633
805
750
736
693
529
518
1012
603
934
460
219
810
603
543
882
