72
162
630
850
401
372
359
734
858
716
768
586
576
374
578
512
618
658
754
625
705
706
870
675
485
457
813
795
516
667
724
778
344
782
466
883
871
842
832
412
824
674
531
616
819
766
386
750
590
737
327
611
715
716
667
478
845
518
528
790
571
685
664
806
451
610
629
621
584
662
346
802
953
748
865
514
734
749
936
669
418
752
823
813
500
552
765
870
900
855
603
701
821
635
695
757
753
631
539
607
724
824
563
579
546
928
730
543
575
565
613
615
685
866
718
681
639
517
567
480
668
553
584
498
815
878
776
889
256
728
751
737
741
647
497
674
622
686
743
874
648
645
561
652
732
593
424
794
536
711
544
887
894
730
1046
690
748
590
717
698
774
848
229
729
