80
160
136
75
17
97
70
149
162
85
120
53
105
56
92
111
133
172
94
67
75
42
148
55
131
158
126
149
160
108
102
107
94
130
117
151
101
166
124
32
100
20
4
120
120
179
119
95
83
40
76
172
161
93
47
47
69
132
57
84
177
86
68
71
171
67
74
110
99
10
62
111
7
107
114
135
191
140
44
66
147
179
52
132
88
81
55
117
86
121
55
105
38
123
77
115
166
103
135
114
113
149
36
150
162
81
63
100
91
118
162
113
184
93
82
154
122
11
7
118
55
4
110
115
41
27
67
105
6
119
161
148
105
116
45
29
83
57
109
32
79
114
2
154
149
17
124
136
80
155
74
55
2
189
87
24
134
111
154
93
179
35
