64
160
11
88
24
157
134
206
18
120
131
1
153
70
127
184
84
104
88
21
97
15
59
1
116
63
31
73
180
92
40
120
45
64
18
91
65
97
56
27
44
153
54
59
145
100
143
50
92
93
69
63
132
141
136
171
148
16
64
87
63
1
93
165
102
119
136
138
23
206
226
117
64
155
154
60
191
41
91
64
91
44
94
98
107
117
74
77
61
102
77
190
58
86
163
101
29
125
130
154
41
108
84
66
103
95
31
123
88
110
83
135
148
155
50
102
41
156
24
117
110
104
78
170
106
236
173
119
170
132
67
118
156
60
158
137
129
144
139
114
150
29
190
153
142
156
57
86
60
109
126
7
125
24
58
96
103
42
45
122
115
114
