80
160
91
94
86
113
96
98
83
84
107
102
72
108
82
112
95
102
104
92
59
128
89
144
61
96
88
123
119
110
82
113
92
87
91
129
87
73
93
94
105
104
99
91
121
80
110
156
90
89
99
111
119
83
114
82
86
107
98
88
116
83
88
82
108
113
131
112
85
100
121
81
97
88
81
76
113
96
120
98
124
114
92
121
92
108
107
94
92
68
127
107
89
73
90
70
84
104
106
96
82
98
110
108
108
89
113
107
86
99
108
89
55
87
82
81
103
124
115
87
103
107
110
117
136
127
87
113
99
124
82
127
131
97
100
79
96
70
89
114
87
97
100
57
73
94
82
73
102
68
118
80
81
85
83
84
110
93
98
107
98
65
