80
160
828
657
560
571
1196
709
554
825
644
499
853
471
595
877
602
681
781
910
422
442
616
556
709
663
704
873
752
803
435
518
579
535
488
986
467
662
683
449
599
396
680
591
282
794
796
738
567
279
606
657
717
697
685
847
665
677
470
584
792
494
656
748
516
719
363
895
839
575
839
614
821
391
812
738
854
713
740
670
502
651
753
452
1016
564
942
862
623
516
413
710
531
601
593
625
817
575
589
438
811
503
694
424
788
605
753
726
283
627
520
407
912
486
700
619
912
442
858
458
383
398
773
559
686
635
353
884
572
399
660
612
443
780
625
442
621
720
594
674
880
540
493
459
731
765
836
352
528
702
451
671
463
751
670
610
541
516
780
338
377
541
