80
160
47
95
127
9
1
128
87
49
167
109
120
85
157
65
120
161
108
132
100
71
106
51
42
41
114
84
167
168
110
36
112
170
116
150
46
36
31
84
143
108
90
95
22
173
100
86
118
174
137
64
166
135
109
86
146
75
24
122
165
144
164
125
41
73
49
112
173
92
143
106
69
175
34
177
101
137
166
68
133
108
140
116
9
88
146
39
176
61
49
90
150
59
118
1
30
125
26
99
127
133
119
94
252
87
107
113
115
144
100
166
99
60
106
10
84
95
144
98
102
12
88
100
34
113
39
85
171
49
68
57
75
51
114
151
9
51
89
114
28
142
75
56
35
62
125
90
141
121
89
181
88
104
150
197
100
131
86
142
204
137
