64
160
570
642
575
414
519
409
518
718
603
725
369
859
466
555
726
698
511
557
600
934
642
521
483
518
722
374
758
671
577
714
719
779
846
466
927
469
392
626
763
526
558
848
654
607
798
651
653
718
615
643
708
510
642
560
724
666
565
857
932
989
554
648
617
730
572
596
606
622
949
628
585
567
739
503
740
673
535
489
637
681
679
479
361
664
705
570
922
522
522
416
442
845
541
704
538
438
588
617
525
716
612
576
593
726
896
769
700
526
676
659
525
653
537
743
634
657
719
682
636
625
500
843
682
676
825
696
616
590
371
508
654
420
645
883
837
613
947
420
533
576
507
596
556
484
893
949
196
418
662
995
400
679
216
643
613
913
1101
608
658
547
