64
160
372
519
318
298
219
575
595
557
378
388
526
611
533
570
470
527
227
374
550
518
309
160
295
325
190
593
214
521
198
581
192
535
265
309
588
169
483
234
617
202
335
537
339
242
371
352
355
438
204
601
608
370
508
368
634
380
276
208
343
559
471
639
216
419
358
607
510
445
189
532
458
251
429
534
604
290
433
459
226
613
266
193
163
633
632
418
535
616
412
341
635
185
235
558
350
520
198
172
383
221
587
340
526
262
343
620
576
597
561
226
596
594
556
323
233
565
315
303
569
494
317
348
259
633
224
211
530
387
214
454
601
280
441
383
517
231
303
188
190
192
568
309
513
249
331
425
576
163
238
458
390
224
360
208
175
254
243
234
204
236
