80
160
466
501
579
596
194
518
494
198
589
422
380
424
406
478
224
422
287
162
460
171
360
410
506
348
236
228
257
306
447
388
636
249
546
563
463
388
239
423
227
615
619
530
609
261
366
266
222
318
219
210
509
413
499
486
280
314
164
412
368
232
236
355
194
226
552
349
580
403
250
252
179
558
191
218
428
532
494
429
283
230
284
219
227
445
188
398
430
326
446
443
568
175
561
274
307
296
224
307
554
532
271
449
620
427
633
181
515
591
221
304
512
170
543
373
183
503
639
203
415
621
313
270
472
348
393
589
465
353
544
199
256
224
316
200
437
401
203
498
596
425
327
195
538
436
630
566
257
518
386
381
375
295
296
481
620
586
168
488
213
450
