54
162
70
123
100
137
131
97
95
106
79
95
106
76
75
103
125
68
74
122
103
93
120
115
101
126
88
118
58
127
122
83
106
86
83
62
92
109
122
108
69
125
74
102
76
129
124
95
85
101
98
59
123
128
129
99
155
78
83
49
79
88
76
71
107
59
59
82
105
90
140
134
95
90
93
109
126
117
94
86
106
109
74
100
96
93
130
105
104
60
113
98
99
96
66
94
101
98
127
100
73
57
113
103
98
116
97
104
117
97
74
102
104
137
108
69
90
87
133
107
120
91
105
70
95
126
84
101
60
123
105
90
106
69
134
93
102
88
98
149
91
165
110
133
96
76
81
55
88
121
76
95
110
101
94
100
127
120
94
86
94
130
147
122
