54
162
99
127
124
124
144
92
67
52
87
95
92
152
108
100
124
109
143
101
103
119
92
105
58
93
121
114
108
120
132
105
77
97
76
80
102
117
92
90
96
111
104
95
79
104
91
112
113
84
95
147
84
124
133
100
45
76
77
88
61
88
108
99
125
112
111
83
90
94
108
105
99
102
113
65
85
49
81
70
116
126
78
97
101
83
106
81
127
113
91
102
131
83
90
123
107
108
139
108
129
136
104
111
134
75
94
68
117
98
102
60
81
88
78
110
69
91
81
95
113
115
84
119
93
135
102
110
114
98
121
84
94
83
97
82
73
89
87
144
121
84
114
103
90
87
84
83
72
86
117
114
94
125
110
91
110
115
67
113
97
137
95
124
