64
160
69
74
75
135
49
134
97
80
100
68
89
110
86
98
69
102
109
117
116
117
67
108
87
73
77
98
94
120
84
111
109
97
122
127
72
94
111
86
93
89
107
102
106
117
135
81
83
137
110
113
73
60
100
88
96
82
98
89
120
86
92
127
119
102
126
77
89
77
96
77
119
74
87
140
94
112
85
93
116
104
118
96
91
114
85
75
108
102
89
111
91
135
80
118
97
126
86
77
92
99
120
101
117
97
85
91
91
93
90
79
133
105
80
138
103
105
111
88
105
86
93
110
114
131
85
85
106
97
130
136
111
141
135
115
100
99
87
145
117
75
122
116
112
84
85
109
99
117
132
91
108
137
71
105
123
148
112
106
80
71
