54
162
838
263
903
655
613
393
729
572
681
784
531
745
645
512
553
709
518
483
676
426
736
616
489
370
717
656
761
450
645
473
514
715
732
524
329
500
725
706
488
356
932
400
737
765
755
452
526
617
720
669
571
750
843
632
576
611
777
742
557
607
839
506
694
571
739
377
599
704
839
588
1035
509
605
961
578
627
684
661
609
512
672
368
470
586
579
766
624
570
621
670
716
579
440
598
565
417
548
537
699
500
399
497
608
763
652
393
692
620
388
457
704
866
846
648
678
713
724
801
728
789
794
559
949
690
576
616
753
452
904
755
848
431
344
801
705
651
814
652
607
819
510
526
473
617
691
659
852
679
781
583
557
688
375
711
846
674
305
764
679
726
800
526
