72
162
480
528
532
437
1052
657
522
683
629
527
691
706
476
508
584
715
834
846
635
299
625
410
466
763
543
798
853
676
617
665
1161
758
587
528
785
464
687
655
769
814
737
351
1004
354
864
478
717
964
630
865
798
540
398
696
286
830
619
647
740
589
806
540
779
623
768
479
668
623
808
489
598
646
748
433
787
657
301
707
639
863
683
752
818
934
425
1004
825
756
636
739
965
741
972
713
588
650
609
977
494
470
635
645
685
933
436
580
748
781
665
669
661
616
844
769
571
644
639
568
386
459
909
666
647
732
486
487
794
639
764
652
723
718
460
413
692
552
484
1027
470
656
574
487
582
692
455
611
428
488
583
425
499
740
604
519
796
710
692
604
805
559
713
605
