72
162
84
64
110
196
56
60
66
92
73
94
49
52
42
121
138
203
55
139
53
182
102
117
51
170
99
112
91
8
112
151
28
139
171
191
189
131
67
221
159
191
23
70
63
28
20
110
175
55
189
67
93
61
78
143
107
89
88
125
91
124
65
97
91
194
37
97
114
167
189
143
133
15
65
104
91
105
33
45
75
35
133
74
164
106
174
98
106
100
62
81
175
163
17
39
99
149
128
153
95
115
84
71
142
142
121
59
121
109
166
89
127
80
112
150
11
107
15
48
58
133
52
152
85
194
135
82
164
55
130
178
106
27
140
67
71
53
62
66
86
33
163
45
82
147
65
132
55
9
92
24
203
95
159
121
85
103
127
128
110
86
79
151
