54
162
351
199
570
647
580
236
544
186
256
276
599
606
343
339
260
517
632
290
196
604
348
405
559
339
292
592
578
350
516
489
165
539
436
290
279
538
288
292
630
549
483
321
236
635
453
487
533
481
246
611
470
602
275
443
200
230
578
611
539
391
458
162
238
534
548
392
294
204
638
356
603
246
283
461
390
408
586
256
183
356
190
391
360
449
326
513
493
167
563
592
467
336
511
631
316
256
608
506
195
201
419
402
450
467
642
397
563
587
297
306
409
295
613
220
523
372
423
391
274
213
319
570
479
312
535
267
541
557
388
167
499
455
590
350
198
537
458
289
580
615
365
246
284
579
385
416
513
197
323
178
639
170
470
489
572
269
645
242
424
480
601
240
