64
160
778
711
625
1025
664
577
658
443
795
369
414
792
786
206
717
366
1158
777
620
560
380
748
257
706
495
859
669
625
765
758
755
864
778
857
679
728
91
641
503
679
695
812
667
1071
714
329
755
628
720
873
745
454
529
588
349
675
695
584
555
584
744
613
935
453
538
478
719
606
547
500
727
600
835
777
838
594
808
554
455
478
632
677
713
738
710
278
581
904
766
694
610
475
722
641
555
776
623
582
429
498
763
792
534
431
706
657
703
539
685
643
548
673
863
511
627
608
621
612
801
794
652
798
353
644
613
454
488
865
871
748
706
393
681
597
849
815
779
751
653
596
684
654
389
565
725
612
793
958
928
504
670
588
729
851
735
425
702
464
783
735
