72
162
423
246
509
634
317
441
369
491
175
205
277
538
481
245
465
281
636
299
235
449
188
488
247
467
271
193
284
498
344
516
636
436
408
596
453
601
370
559
404
291
212
602
276
224
214
171
299
547
567
534
425
595
561
492
596
205
493
266
612
261
542
607
194
196
424
396
390
564
379
441
317
324
294
300
561
310
281
504
366
242
231
288
291
364
581
633
274
526
594
485
337
190
176
320
249
197
614
346
248
479
279
449
540
243
268
163
606
365
458
308
311
530
476
188
530
375
603
538
392
185
383
623
391
479
500
381
459
468
551
410
606
485
554
513
489
231
511
170
298
503
537
428
639
383
166
372
279
457
316
615
621
618
317
412
275
294
617
303
372
608
414
377
