80
160
678
832
696
862
636
537
709
845
363
800
695
388
821
731
721
671
785
502
670
542
513
496
570
488
771
976
844
539
656
535
665
786
460
446
577
675
691
684
794
532
664
557
700
944
438
576
568
586
480
686
601
675
719
816
784
714
956
582
614
584
760
391
335
846
417
937
498
892
639
408
507
457
472
739
578
727
585
661
778
689
619
356
649
758
733
428
799
482
878
609
328
821
607
575
698
565
580
601
694
565
393
632
470
555
254
543
577
667
631
489
588
536
504
570
578
748
766
517
821
685
484
563
520
743
848
204
519
631
920
646
631
525
686
675
501
504
609
492
302
703
455
835
771
266
617
863
704
605
786
536
954
681
548
522
678
666
868
458
594
472
