64
160
564
373
826
835
608
622
502
356
597
605
528
413
430
764
635
1059
471
662
848
817
606
562
410
497
777
221
703
504
728
673
752
769
445
218
826
588
521
539
649
630
459
925
692
452
578
534
519
655
627
920
843
831
728
735
366
794
841
762
816
511
633
776
708
589
723
614
882
636
799
701
487
420
723
732
582
736
629
720
562
581
663
330
732
450
338
363
518
774
638
573
721
941
439
554
859
459
1039
616
711
649
620
607
776
723
924
598
408
859
544
538
725
776
882
723
935
649
559
742
673
710
560
576
801
609
692
684
792
1009
722
625
812
714
635
698
540
728
277
379
514
480
694
647
396
605
733
750
480
495
509
551
906
458
622
764
439
823
818
490
599
621
