64
160
71
171
121
152
88
178
6
100
182
108
72
118
58
80
108
93
86
36
138
167
81
59
130
78
110
116
50
92
84
73
75
95
100
119
105
159
48
45
182
144
71
4
74
52
114
122
188
7
46
98
107
108
168
77
26
147
114
70
97
127
95
140
70
135
120
194
83
133
38
123
42
163
75
56
80
162
59
133
95
126
38
165
108
86
90
84
108
107
47
122
114
63
80
183
65
99
59
52
136
107
27
63
145
134
134
170
125
97
200
106
151
16
126
117
162
135
121
79
104
128
100
88
162
135
115
83
52
103
43
115
22
109
105
62
37
106
71
169
94
112
126
120
153
100
80
52
138
84
25
37
117
100
107
77
91
139
64
89
23
66
