80
160
191
212
365
388
286
234
513
427
346
565
328
359
230
286
545
218
251
394
214
639
253
199
377
626
533
379
501
486
554
413
543
453
265
230
381
307
507
324
461
339
251
478
431
509
585
616
515
486
532
511
513
559
390
494
249
259
349
270
396
429
430
617
171
480
425
329
431
404
527
303
409
532
337
458
268
288
211
184
180
422
292
408
227
627
568
378
392
563
584
293
365
501
207
192
560
617
593
176
628
497
560
424
589
300
196
229
245
634
189
328
174
520
571
371
554
553
588
540
410
449
427
362
472
299
535
335
173
308
454
598
467
514
188
613
399
569
298
395
390
305
432
546
531
327
213
282
490
451
199
281
414
186
438
444
520
164
571
326
310
417
