64
160
544
286
243
559
632
390
502
294
447
564
193
594
582
466
523
338
560
553
416
579
228
328
431
258
597
390
559
489
565
283
278
469
622
560
582
479
412
319
464
551
514
420
323
303
441
223
498
227
458
236
316
188
428
524
403
281
582
487
410
298
166
337
382
472
221
352
338
275
504
442
491
536
267
284
251
376
258
249
466
322
297
466
592
326
617
483
508
378
278
275
623
295
344
211
180
466
398
506
409
250
602
296
507
209
243
208
562
420
195
192
187
571
275
423
638
592
348
352
214
453
367
602
345
611
193
478
476
625
569
583
266
429
598
185
401
198
196
414
266
313
402
330
603
383
199
559
180
319
381
193
206
545
338
168
268
318
288
394
525
640
