72
162
472
553
246
367
200
465
514
342
579
386
494
333
185
558
425
383
286
566
582
411
540
406
551
403
619
480
315
578
564
484
518
235
435
391
251
436
297
234
589
559
228
353
552
312
446
172
450
171
469
557
434
638
274
623
413
476
440
442
386
172
471
372
494
463
303
387
441
257
270
334
406
633
401
568
630
468
591
248
392
280
180
347
439
471
388
301
344
629
252
342
398
628
610
323
506
266
169
450
517
232
173
599
324
415
350
265
524
595
517
419
249
533
302
354
232
319
450
192
322
201
608
516
501
293
371
253
166
321
556
317
219
316
360
444
172
273
274
467
236
610
377
321
522
419
228
438
460
263
583
426
266
294
589
419
498
571
162
475
491
560
546
458
