54
162
132
88
72
108
96
118
101
119
99
100
90
94
132
115
103
80
81
107
95
118
85
120
95
127
99
94
83
97
134
110
91
97
104
113
103
67
55
96
122
81
118
87
100
130
102
121
104
116
74
107
92
127
82
106
85
105
96
103
101
101
115
92
75
95
106
118
90
105
91
42
111
125
93
146
130
127
86
91
68
100
96
87
108
131
90
113
101
94
105
118
97
138
115
116
98
110
83
86
98
106
115
76
92
82
86
77
90
81
109
63
126
106
83
77
98
95
109
79
82
127
123
96
110
103
119
94
133
115
118
104
110
77
71
110
111
95
101
91
119
140
104
100
108
97
100
120
83
87
70
78
80
120
130
128
125
103
128
104
115
121
135
78
