72
162
592
546
618
468
647
329
262
551
207
402
285
260
494
533
620
473
377
621
515
240
349
311
581
396
336
520
311
638
519
468
519
238
615
405
339
209
187
272
412
440
531
647
398
432
635
172
528
492
454
270
466
493
605
549
408
205
496
627
519
453
521
615
353
472
204
170
620
363
456
327
165
354
435
508
523
213
556
430
598
623
248
182
388
270
454
411
178
444
174
444
548
252
552
208
181
373
537
542
240
471
508
458
569
572
431
390
408
598
351
419
579
535
489
540
239
373
219
533
261
193
460
240
205
376
391
514
547
172
470
472
424
638
350
204
474
640
182
363
170
180
594
596
338
615
599
555
303
368
435
464
460
177
263
451
270
457
593
337
447
344
291
618
