64
160
100
119
126
71
95
90
117
95
55
108
96
67
112
134
147
96
118
107
73
111
69
106
127
112
133
86
121
114
72
107
87
125
76
111
115
76
92
93
55
91
80
73
108
98
96
100
107
73
101
94
101
118
107
109
71
98
84
59
78
76
118
103
111
102
127
80
98
120
93
89
103
108
113
109
98
114
108
116
114
66
116
59
100
91
129
64
125
117
97
99
102
111
97
157
105
107
63
109
89
113
118
93
125
88
102
96
108
105
59
121
91
94
115
109
144
94
113
70
108
96
113
135
109
123
77
95
94
105
103
105
109
121
70
117
160
78
63
109
106
87
125
90
151
77
96
93
90
80
66
77
71
92
130
84
107
69
97
89
98
115
