64
160
110
169
100
27
162
152
57
137
82
120
164
162
98
191
115
71
154
152
156
93
21
68
91
201
135
100
115
71
65
79
80
92
120
156
10
82
93
124
169
113
116
79
97
160
231
41
115
85
58
59
106
85
161
125
71
46
41
45
64
81
64
126
8
46
5
120
163
124
104
105
140
142
79
56
176
86
111
93
116
100
94
125
65
90
90
158
132
115
108
117
141
104
56
166
7
80
171
59
55
186
115
78
58
54
209
110
76
132
136
101
141
209
91
114
69
2
164
144
141
207
152
80
70
113
24
126
201
106
29
84
77
181
154
107
6
77
130
33
153
77
105
131
59
61
109
126
114
144
82
30
114
78
142
162
98
100
181
50
207
137
