54
162
393
466
530
638
480
609
641
579
188
326
344
460
603
272
561
210
572
514
174
243
341
599
594
305
293
522
467
493
639
327
568
623
569
421
267
332
528
507
231
599
428
425
320
600
221
432
613
531
174
281
455
644
543
476
436
453
184
313
428
518
589
450
465
566
306
309
232
467
490
174
277
553
307
347
570
245
260
306
302
563
619
516
595
297
563
402
418
171
298
163
192
584
577
396
271
334
631
500
364
485
257
440
441
384
535
514
307
303
583
523
210
444
574
603
613
226
506
406
168
627
260
355
593
452
246
648
185
514
219
597
297
170
405
412
606
525
400
343
417
208
268
539
575
383
164
480
599
580
448
502
290
575
517
532
193
185
590
400
548
347
189
517
