80
160
546
769
593
543
792
394
658
560
934
264
439
698
473
742
826
718
632
731
650
298
543
419
483
618
516
513
518
614
656
565
633
574
639
799
961
741
554
985
358
613
498
558
428
622
221
496
618
699
593
580
517
904
801
804
840
593
805
864
793
958
699
637
799
537
636
559
576
640
805
540
829
388
723
573
690
927
404
804
411
678
580
622
321
709
791
664
796
910
393
562
762
662
645
549
897
905
833
597
722
451
686
634
906
449
642
560
569
774
510
731
809
795
559
567
535
447
636
359
468
645
555
814
543
897
875
628
756
1003
483
589
748
465
437
606
830
663
665
480
396
392
773
331
374
539
717
786
602
852
685
444
376
891
583
660
390
504
527
802
733
580
