54
162
373
514
309
622
581
572
393
259
289
186
573
210
438
331
398
444
517
212
472
428
362
250
641
471
386
264
432
319
317
194
577
244
590
442
600
358
573
647
518
493
571
614
260
631
356
496
172
630
630
321
470
635
463
175
381
633
234
282
290
453
628
608
564
394
411
600
647
228
455
338
269
188
270
174
526
371
478
255
459
248
635
417
458
340
418
492
171
401
482
441
367
549
399
328
232
396
316
482
174
458
569
404
487
187
428
192
336
232
352
416
627
574
386
248
312
574
623
185
626
328
297
317
622
307
402
583
281
167
424
560
562
589
397
311
613
240
506
543
596
425
326
483
543
411
484
554
453
552
481
203
577
183
209
603
565
289
258
227
576
586
216
220
