80
160
551
658
483
950
419
783
640
737
522
563
811
752
409
594
498
552
720
835
592
569
710
748
840
581
907
787
743
721
492
1122
592
702
374
626
667
418
723
418
434
849
685
734
887
954
809
581
763
787
904
714
493
605
690
776
553
578
553
688
789
671
984
1106
582
478
694
418
673
535
890
645
647
780
700
850
648
628
745
782
762
537
459
725
639
743
370
462
821
429
824
709
610
611
688
596
490
665
545
730
317
1039
439
548
698
554
604
558
501
931
554
532
710
802
387
982
477
704
521
894
693
883
478
525
904
581
652
464
904
816
761
599
566
408
713
469
861
705
732
580
661
494
758
783
532
857
321
629
701
660
458
478
725
722
524
854
448
635
471
679
766
733
