72
162
21
55
145
210
103
150
42
39
72
66
62
90
98
6
97
36
105
40
148
78
93
7
153
89
28
81
112
133
113
89
94
53
73
157
59
6
31
14
33
206
14
130
41
84
126
13
131
91
96
103
139
106
122
58
95
70
77
58
113
94
103
126
59
46
159
96
114
87
148
1
77
32
73
49
167
152
118
70
100
69
102
86
78
159
53
46
102
185
35
86
92
1
46
201
46
80
83
90
166
116
24
34
85
65
74
143
60
92
80
81
32
77
92
143
81
183
52
81
178
131
164
133
221
84
119
171
40
168
104
127
118
94
31
93
63
134
22
64
171
114
101
77
124
13
105
83
111
129
139
181
67
84
155
151
83
100
141
108
79
176
102
128
