80
160
38
97
91
122
138
104
92
104
112
109
112
103
104
108
118
101
116
90
91
101
94
115
119
68
56
115
117
71
84
101
83
101
101
96
92
119
75
111
89
127
122
110
116
124
129
75
49
80
91
85
74
90
93
91
99
103
95
86
107
103
79
76
60
127
77
133
119
97
82
108
105
92
109
131
94
133
110
81
97
129
104
94
135
104
115
97
94
116
93
102
88
77
118
104
89
102
92
124
93
97
105
80
75
100
107
107
101
131
89
108
93
100
89
139
122
78
105
104
111
103
99
83
97
95
63
64
91
73
69
145
88
118
72
55
50
103
124
86
76
94
96
85
88
81
92
101
67
110
127
98
110
88
114
63
128
80
97
121
84
114
