80
160
361
325
627
366
619
536
401
564
441
372
333
238
580
231
319
458
303
572
317
553
552
613
406
333
256
621
457
509
560
424
445
253
390
516
565
411
518
625
464
183
201
576
200
198
416
572
297
631
377
493
515
492
314
177
633
321
310
638
187
425
319
240
551
233
468
395
287
344
353
421
197
450
533
543
262
231
526
190
167
606
403
490
588
241
255
350
326
556
603
556
431
587
269
603
420
250
340
213
471
550
290
623
440
472
182
330
612
575
364
537
630
441
549
540
447
618
407
583
252
338
417
515
637
266
239
332
403
478
170
196
317
553
539
534
578
613
562
598
568
547
429
299
538
357
160
566
316
486
503
289
289
272
568
171
459
406
343
201
203
474
