80
160
286
606
629
319
491
594
517
563
171
214
634
477
475
368
322
405
560
364
268
384
329
537
208
258
253
603
294
259
249
430
516
506
606
393
466
615
340
207
324
405
179
298
618
498
407
347
191
450
509
479
395
492
486
454
219
462
458
561
458
226
586
374
380
231
235
569
486
307
612
599
335
526
301
366
544
636
632
626
458
304
240
245
567
187
474
321
575
389
410
550
527
236
187
500
399
544
551
295
283
188
447
392
263
476
528
266
249
306
613
459
166
486
547
345
467
328
520
407
478
411
561
432
193
471
475
504
213
339
354
353
446
432
277
575
591
636
274
175
270
477
519
385
620
507
614
594
534
336
208
507
565
353
535
295
321
288
554
271
481
561
