72
162
98
127
82
82
121
124
100
101
105
105
123
78
105
88
82
65
122
97
154
94
123
81
112
99
89
93
127
88
103
80
97
85
104
99
85
88
112
95
101
124
73
101
124
87
96
93
83
95
104
117
80
98
89
85
91
153
114
123
114
93
74
95
111
136
78
79
96
119
88
89
128
92
104
98
81
82
87
115
135
76
93
84
111
76
100
91
74
113
119
92
109
96
88
69
111
107
90
79
105
115
108
113
63
116
107
125
125
124
101
102
76
45
58
91
60
77
105
97
85
87
110
106
117
120
60
77
98
109
95
43
66
76
82
111
98
98
99
108
121
89
103
104
100
96
64
142
86
97
131
98
89
114
126
70
79
86
85
78
103
129
124
82
