54
162
131
55
61
186
82
95
132
182
34
140
13
35
70
81
92
98
145
124
49
53
126
25
77
70
134
61
109
78
139
103
84
204
65
62
107
142
69
60
142
98
152
109
11
115
11
63
80
152
88
116
73
158
40
49
151
49
61
44
95
43
70
32
159
181
20
130
52
90
102
78
127
119
123
51
33
91
148
36
69
199
49
53
131
147
110
216
41
126
162
85
64
60
128
157
196
139
165
85
143
28
60
31
50
51
119
120
56
94
59
153
60
86
120
130
113
97
96
64
46
108
55
4
7
132
140
74
152
32
20
49
157
8
140
123
66
82
33
42
21
83
119
61
53
126
13
137
150
10
75
154
127
199
62
60
149
94
111
218
85
142
83
75
