72
162
834
598
675
728
463
565
1064
548
344
681
889
760
789
786
573
744
458
499
1033
610
689
789
603
538
367
562
727
559
621
588
496
632
705
757
954
671
688
478
668
426
656
570
692
864
444
724
344
495
643
555
844
577
549
635
755
876
606
646
531
786
666
913
813
918
985
849
831
614
944
633
646
420
572
578
416
563
686
746
599
825
696
710
748
834
753
464
683
641
519
186
771
779
794
675
571
777
431
360
493
883
1045
679
586
570
616
400
737
814
833
770
627
530
619
656
473
723
479
854
642
612
624
698
504
575
570
893
626
546
371
722
597
823
501
379
864
175
685
761
419
628
585
521
470
587
709
757
352
1047
466
530
698
533
496
549
779
208
767
442
662
885
630
308
