80
160
96
112
100
72
82
42
52
138
83
197
46
75
61
30
137
82
83
172
220
87
94
57
72
145
142
143
74
94
163
85
79
26
123
62
159
103
118
30
186
47
103
143
95
144
47
98
31
99
140
35
66
159
64
27
66
139
88
37
95
114
209
38
110
47
76
196
181
49
132
89
94
133
122
97
249
87
88
90
133
101
112
136
1
44
33
120
69
81
29
92
126
50
4
101
109
111
155
144
87
103
137
113
79
20
169
163
234
118
92
81
162
78
162
182
94
22
166
124
133
128
87
163
3
77
143
88
86
93
134
102
115
10
50
65
21
25
127
170
57
122
128
76
132
88
69
11
167
151
91
131
70
163
90
94
41
106
92
40
166
14
