72
162
146
48
104
1
120
75
147
63
127
18
85
94
119
122
102
67
73
153
118
162
57
41
137
33
126
83
118
65
114
234
34
190
86
100
130
111
8
80
125
102
78
113
114
42
38
79
164
13
22
150
177
181
61
157
110
22
98
112
112
120
77
135
88
108
71
121
78
104
112
137
1
111
82
31
49
53
105
61
25
158
137
133
147
104
98
83
80
102
160
167
175
130
71
113
16
10
37
60
73
73
97
66
273
103
101
90
41
167
95
55
162
150
121
32
32
87
152
66
74
134
87
154
125
114
83
56
94
102
30
162
44
87
11
160
98
140
82
92
162
147
137
134
44
100
68
119
218
35
74
141
111
83
123
61
125
113
68
110
72
85
107
30
