64
160
101
40
75
93
118
102
159
118
55
96
71
169
91
85
220
51
138
132
70
149
136
177
44
159
126
109
76
109
51
156
59
151
84
150
112
141
71
156
88
77
218
142
170
75
106
82
102
48
66
146
43
71
111
172
95
146
89
166
103
111
147
119
51
151
79
107
96
64
159
74
60
48
176
225
207
86
79
36
32
33
101
93
154
113
60
124
48
43
103
95
72
37
22
158
176
120
53
77
57
165
85
142
81
128
60
157
111
155
92
165
164
83
187
77
113
45
58
50
67
106
117
158
105
107
88
14
25
7
69
146
131
122
193
204
46
136
41
80
147
147
52
131
128
77
74
63
85
16
121
178
181
181
46
79
97
69
100
134
127
104
