54
162
363
431
522
458
408
312
598
290
406
517
530
622
526
526
234
444
408
584
384
463
643
410
546
214
518
230
402
351
477
618
469
167
366
591
533
482
453
555
263
329
348
614
587
164
627
332
326
455
437
562
614
608
457
418
648
243
593
500
284
387
424
174
509
538
611
592
336
601
597
325
618
522
422
516
639
451
633
366
546
607
343
441
423
340
354
203
577
571
536
167
524
387
195
510
417
476
277
534
239
189
198
165
575
202
292
589
462
537
420
235
380
507
594
510
274
457
186
553
340
296
361
206
280
326
317
453
165
178
222
179
176
283
585
212
494
428
431
305
618
604
228
269
487
323
166
360
197
545
183
300
525
377
364
340
520
499
569
520
461
592
170
598
