64
160
359
461
499
380
424
474
314
522
487
313
190
389
202
299
197
441
214
549
543
520
497
609
488
488
635
329
339
187
186
566
601
257
450
569
396
636
493
590
294
417
492
407
203
471
391
478
363
366
254
596
299
259
601
241
633
433
221
388
173
574
445
212
318
382
299
612
458
484
557
621
544
333
327
577
619
285
547
407
198
620
470
255
412
214
497
557
215
281
205
635
539
286
227
250
586
242
517
618
199
593
236
250
594
309
615
538
308
230
360
200
348
502
558
331
411
372
206
599
338
560
603
396
605
191
578
516
446
264
309
345
560
526
322
287
593
264
339
371
226
558
627
225
434
185
368
494
610
400
276
244
265
337
395
611
206
593
639
361
451
312
