54
162
96
83
121
92
99
101
127
114
156
116
99
143
121
96
65
113
128
81
86
136
101
80
95
95
91
125
63
104
93
109
72
92
77
52
119
81
97
103
116
99
90
122
114
94
102
125
71
91
80
116
103
135
84
88
106
96
104
109
142
81
128
95
91
110
111
127
119
98
104
118
128
48
96
115
100
62
89
88
107
133
122
114
118
130
115
101
90
78
129
90
111
129
86
76
100
102
83
116
102
74
90
54
83
67
109
101
134
123
104
120
105
115
100
107
99
90
97
92
71
91
96
131
103
92
97
90
118
101
81
32
84
86
66
102
122
114
84
122
108
78
85
119
54
75
126
98
92
120
98
137
100
110
106
78
103
142
99
77
96
123
117
140
