80
160
73
78
99
95
67
118
81
104
108
110
89
100
119
86
111
102
93
90
107
109
89
134
97
86
79
83
109
111
75
128
138
142
109
93
78
97
114
80
98
95
101
98
138
69
126
75
85
100
95
90
123
93
88
119
70
84
89
53
108
99
110
102
120
118
105
75
84
116
132
132
124
104
119
90
116
124
100
89
133
87
87
140
79
100
56
139
76
103
87
118
70
123
105
96
149
109
96
40
76
106
84
137
119
73
110
89
105
125
123
102
99
114
124
90
78
66
142
92
94
97
108
114
110
83
98
81
95
72
81
85
114
98
79
115
118
102
114
102
131
94
124
102
93
94
106
96
98
90
132
79
104
100
105
107
96
115
113
108
108
53
