72
162
72
89
96
91
92
90
117
103
69
84
114
91
107
132
122
101
88
122
99
97
104
108
94
89
115
130
114
110
122
124
87
91
101
112
91
147
88
60
91
137
91
104
108
109
80
104
97
120
114
113
82
75
141
90
117
132
80
90
81
92
79
94
82
116
91
86
85
93
57
96
133
85
91
72
108
85
167
79
68
66
105
124
92
74
110
114
104
128
103
98
122
76
129
95
122
108
141
114
116
123
102
90
94
104
100
114
90
58
89
142
94
141
69
105
130
92
91
103
118
111
92
79
136
107
80
116
128
90
126
89
116
82
109
122
57
114
104
126
78
121
109
93
124
63
112
115
132
113
94
157
96
73
105
102
63
115
90
92
100
93
83
129
