72
162
451
162
585
235
568
203
208
197
422
606
603
310
314
295
287
230
452
365
494
435
347
648
591
632
379
644
196
422
292
395
368
397
433
598
184
535
528
445
347
549
622
550
476
626
635
282
397
416
294
620
455
491
328
265
442
640
463
514
618
540
222
558
618
397
448
551
423
395
171
614
475
242
467
488
558
279
432
227
225
398
421
209
374
640
495
275
181
631
201
578
295
348
355
468
267
590
353
556
586
502
192
423
406
612
549
247
383
218
467
613
415
541
538
550
430
543
576
344
206
634
443
176
360
520
501
210
275
193
636
223
604
648
238
375
574
508
317
482
397
595
396
402
642
351
312
455
608
489
596
589
178
565
290
599
597
517
528
363
404
408
258
418
