80
160
122
102
110
103
90
104
77
81
111
119
95
97
85
75
101
117
107
134
93
144
116
99
128
99
101
87
123
103
79
109
103
116
93
96
118
97
119
125
108
72
106
92
99
119
130
122
65
91
95
148
104
109
113
125
84
85
119
94
117
101
100
76
105
90
95
55
107
65
112
113
81
123
79
101
95
117
108
115
83
58
99
92
109
96
88
117
94
73
77
65
106
81
106
113
121
98
148
91
97
105
93
83
93
125
101
122
64
117
71
88
91
103
115
126
99
99
75
101
87
78
61
98
149
70
90
98
95
75
94
107
96
91
108
89
83
91
88
116
74
113
151
100
86
114
99
101
102
97
107
119
102
87
110
120
130
110
89
93
102
111
