54
162
753
726
434
392
630
1043
542
363
728
706
656
539
619
622
470
641
557
517
757
656
602
590
626
618
505
533
850
481
537
578
733
814
658
877
505
658
380
776
448
942
597
805
711
725
485
530
797
588
494
730
449
905
734
613
577
296
804
424
542
710
637
586
618
423
424
804
825
782
794
724
411
1008
939
600
720
653
668
715
866
695
615
509
560
709
691
532
553
450
505
374
478
934
793
564
591
798
838
516
709
363
604
566
439
451
557
685
459
585
532
560
635
579
853
582
799
663
665
547
781
416
655
837
581
809
708
688
612
662
698
845
725
823
571
946
824
964
617
897
836
224
827
694
343
615
882
446
795
448
746
819
392
425
304
626
175
438
741
385
785
696
721
559
