64
160
86
106
114
108
103
83
131
65
113
98
84
89
111
102
128
89
99
76
106
103
128
116
105
99
80
111
112
108
104
61
70
92
103
102
127
111
72
125
106
105
83
109
116
92
111
105
78
110
116
130
118
106
99
131
140
74
96
86
125
90
113
109
114
104
78
85
79
79
102
89
104
111
88
104
103
122
116
117
91
49
95
99
116
106
84
72
121
113
98
90
108
116
101
78
110
96
113
110
109
115
93
63
113
93
99
127
91
77
107
145
73
118
97
95
117
103
115
127
72
131
114
98
91
106
99
75
84
102
79
53
91
136
67
100
100
114
100
55
88
119
66
94
79
141
107
77
76
103
74
63
93
98
100
78
92
93
116
110
88
110
