80
160
108
91
131
118
120
114
94
67
126
67
129
124
99
83
73
113
91
142
52
97
86
115
114
101
92
118
126
115
97
116
100
123
71
94
89
117
84
127
113
111
101
104
109
139
101
53
118
105
95
69
115
88
91
86
123
105
130
111
84
89
83
95
111
135
121
75
66
113
128
124
84
94
102
91
106
95
95
84
105
126
63
115
83
125
82
93
143
112
89
108
108
111
92
130
94
96
87
89
103
118
77
87
98
76
117
127
108
89
90
113
88
110
82
91
91
102
113
79
133
94
114
145
137
83
97
117
97
88
115
69
153
78
81
62
109
122
95
114
98
82
89
111
90
94
52
89
99
104
98
106
108
77
70
90
102
102
97
83
86
118
