72
162
445
746
645
739
620
846
648
424
380
1164
598
778
753
551
981
580
449
588
613
510
559
576
393
709
339
375
819
282
606
591
797
483
658
649
471
975
725
670
443
442
458
888
603
669
516
704
801
700
407
709
792
676
548
353
803
530
727
604
733
968
639
817
644
700
715
907
822
668
538
718
566
805
783
612
660
938
783
791
730
620
758
477
538
755
841
429
876
748
591
850
347
726
506
909
483
648
693
669
564
939
401
653
846
603
307
805
673
623
813
774
356
518
774
731
898
499
667
495
464
595
544
595
547
751
1000
658
513
741
448
481
519
371
570
349
527
625
700
795
451
239
563
311
538
700
829
606
555
690
769
859
557
481
675
609
628
779
944
471
564
265
681
735
