72
162
69
115
111
79
83
122
161
112
103
90
136
109
83
91
80
101
80
86
106
94
106
71
36
91
104
113
94
93
74
115
103
76
92
96
81
111
81
103
118
110
150
115
84
78
114
93
74
108
72
86
132
111
104
102
106
109
116
109
97
63
67
96
98
85
85
87
102
132
102
96
140
90
95
79
36
99
67
97
117
85
116
55
122
122
97
80
89
83
91
94
63
82
133
99
129
75
73
101
103
118
127
118
107
86
122
109
100
74
132
105
71
107
74
76
113
91
118
116
97
131
116
79
108
108
100
116
73
84
92
103
111
113
120
98
104
73
83
139
100
131
85
117
75
99
85
113
127
124
98
66
100
65
130
86
75
74
100
90
114
68
88
119
