72
162
123
99
100
93
124
80
79
108
101
89
118
102
70
94
111
107
129
117
102
70
111
77
77
112
103
97
115
137
74
96
112
118
113
105
85
97
90
81
114
112
94
81
79
109
81
113
66
86
56
108
61
123
121
96
79
150
91
93
120
101
84
108
98
133
93
123
118
102
109
89
60
114
90
101
87
94
71
117
91
86
102
118
127
120
70
75
110
93
90
67
118
102
105
84
120
114
122
82
121
98
125
143
81
68
103
91
120
111
75
90
108
70
98
86
88
104
128
91
102
89
102
87
111
118
93
78
79
80
105
125
72
117
127
121
116
86
91
105
115
119
119
73
117
104
75
100
67
70
88
108
120
136
83
109
97
123
98
98
112
108
74
107
