72
162
130
159
136
85
27
69
112
219
71
47
89
51
52
54
154
65
107
199
107
39
78
113
9
94
69
106
120
138
86
99
65
129
85
145
24
82
115
59
90
88
29
70
69
108
176
66
20
158
197
70
169
139
52
149
148
26
45
116
176
45
78
105
124
24
83
106
168
58
48
60
112
81
167
47
86
95
74
63
36
163
39
137
71
166
31
148
115
127
38
150
112
113
87
20
112
157
102
203
73
132
128
120
87
118
144
177
175
98
114
96
8
97
147
157
10
148
73
70
148
158
43
133
110
134
171
84
186
82
66
62
129
65
63
113
117
176
76
54
35
38
85
9
202
152
20
147
104
68
4
45
52
158
77
30
198
108
49
83
144
127
216
81
