54
162
716
694
659
526
770
810
584
660
763
699
744
767
788
555
489
724
678
798
585
517
853
865
484
865
651
566
433
913
707
581
644
449
572
525
571
389
554
752
362
631
551
866
746
668
646
734
464
465
410
547
522
545
442
603
953
706
554
812
800
785
832
694
621
778
413
577
630
589
733
923
627
505
736
666
549
486
839
463
836
939
771
622
633
886
374
540
809
856
499
465
595
733
610
641
578
725
715
618
689
569
945
766
485
620
496
848
668
771
721
622
780
736
602
714
304
603
682
653
664
527
466
762
641
784
403
374
678
595
785
850
712
573
387
426
726
716
863
828
435
675
975
488
812
481
905
634
727
1019
678
861
524
626
711
671
561
483
420
621
691
571
730
647
