72
162
109
113
124
91
93
93
94
103
104
102
101
131
78
72
75
114
133
95
69
101
89
85
66
81
99
107
101
81
124
74
82
94
94
114
144
125
94
116
95
104
91
95
70
96
90
138
107
122
106
115
100
95
109
84
123
85
100
108
113
97
100
91
92
139
117
101
89
59
125
109
99
91
72
93
116
100
102
73
106
77
84
61
123
74
97
81
93
126
58
98
119
153
106
95
97
114
103
105
85
83
81
97
60
120
101
115
116
130
95
123
111
112
99
114
124
116
95
119
131
62
89
97
94
76
97
94
120
126
124
99
89
115
91
109
96
121
123
106
63
113
120
105
82
115
92
116
83
75
107
85
130
102
95
87
105
89
73
121
107
68
122
115
