72
162
432
398
519
473
712
607
669
509
657
660
784
231
650
720
548
894
290
871
546
643
505
802
522
496
588
653
617
692
417
613
706
599
529
604
504
759
852
696
674
339
596
973
900
648
684
341
595
715
634
502
420
501
662
206
661
740
582
893
861
702
623
970
687
540
656
728
657
1021
728
650
677
817
596
464
590
561
568
520
564
464
750
554
951
650
396
684
508
741
649
684
565
746
598
468
597
737
586
644
224
534
549
416
676
691
825
640
585
658
784
928
469
735
726
513
620
610
646
677
593
532
746
599
509
536
528
706
452
745
890
809
611
441
472
391
749
714
471
757
807
438
738
608
683
643
437
845
446
795
421
998
631
642
656
755
455
626
619
571
622
752
448
893
