54
162
643
724
622
869
722
492
624
826
589
651
529
638
697
560
459
665
652
953
909
629
838
755
698
762
886
813
646
584
379
589
799
734
684
1011
558
884
740
675
704
706
526
756
493
749
500
715
481
497
595
591
853
614
729
854
599
666
687
547
463
669
888
794
890
511
409
574
604
645
860
1016
504
580
694
462
621
725
554
823
614
603
730
427
642
735
583
727
255
582
385
790
646
644
853
558
408
1068
719
712
595
648
1026
707
565
657
708
686
622
692
492
282
509
749
820
614
699
791
740
814
710
765
581
688
842
754
396
963
713
549
687
637
526
716
454
779
789
759
711
397
676
298
611
545
534
945
396
731
796
826
874
686
748
606
574
626
353
193
828
875
708
730
575
781
