72
162
127
58
147
79
22
19
25
19
166
127
82
119
158
144
125
78
14
79
68
161
162
152
113
221
95
78
150
176
92
38
117
75
139
160
19
149
185
146
175
86
128
128
94
24
87
109
207
62
107
60
11
25
195
59
116
142
96
111
117
99
79
64
124
20
85
154
90
129
126
33
112
136
135
132
124
94
88
111
60
73
132
60
126
28
139
61
151
96
62
168
169
132
132
106
135
95
53
76
118
103
55
99
83
97
85
139
148
55
118
144
73
200
50
133
80
89
233
74
101
100
44
25
59
131
18
23
135
67
65
40
116
57
109
83
97
122
146
69
99
120
227
171
167
126
69
155
52
55
67
24
50
126
139
99
15
229
98
90
126
83
109
59
