72
162
88
92
80
105
110
83
90
130
112
70
101
142
110
102
93
113
80
88
96
125
86
107
100
91
102
94
105
96
103
112
123
120
116
82
115
100
104
80
109
123
124
61
109
86
76
78
115
81
129
124
85
127
116
99
100
116
94
107
85
97
111
92
142
91
79
84
87
83
123
79
118
53
130
100
65
86
118
37
49
88
112
127
87
96
112
67
96
109
109
123
85
117
86
134
138
89
97
87
116
112
67
111
109
101
97
99
100
97
108
103
49
92
98
116
100
79
67
58
104
118
98
110
121
155
102
106
99
100
85
99
95
89
48
114
87
89
109
70
84
116
74
102
109
74
59
92
84
102
116
90
110
138
101
105
98
94
89
85
85
101
92
101
