54
162
571
380
312
201
198
648
328
482
251
314
291
487
354
365
485
428
207
416
166
579
336
516
252
562
524
331
368
236
218
478
411
568
433
497
483
614
342
457
163
539
497
602
443
616
458
563
305
461
576
554
270
302
360
441
569
398
201
463
331
647
561
536
398
261
246
471
581
331
312
414
507
509
192
375
390
195
209
276
165
458
293
299
616
582
605
243
483
611
512
174
534
347
635
373
418
312
497
224
564
345
495
514
636
231
582
607
403
605
395
555
244
583
371
212
631
195
518
392
512
293
227
174
252
419
361
648
587
342
261
233
319
602
350
625
401
215
546
514
374
539
302
538
187
617
534
424
529
546
194
483
167
362
503
315
353
557
457
516
291
328
523
181
