80
160
93
128
98
110
126
104
111
116
116
63
103
70
117
128
92
107
65
71
100
82
98
59
63
107
100
117
90
141
70
98
121
78
116
93
128
99
108
107
94
108
100
96
116
74
104
90
113
97
146
116
105
74
91
71
91
90
93
101
113
74
72
108
76
78
76
92
112
107
73
96
103
137
103
79
135
93
77
75
129
113
81
80
113
137
84
96
110
80
91
116
67
103
96
131
47
75
106
118
75
80
107
113
127
104
91
92
80
108
123
114
95
101
94
82
72
85
135
121
126
107
118
105
80
110
112
108
81
78
104
100
104
88
82
114
112
102
88
107
92
98
126
70
119
67
101
108
87
87
66
117
93
116
129
97
72
117
102
126
88
83
