54
162
550
609
917
796
539
548
780
306
723
572
685
914
510
666
328
687
660
286
497
511
752
677
810
837
614
510
685
577
674
577
637
806
704
350
846
488
653
954
700
714
606
332
593
847
891
502
688
967
677
662
793
877
578
526
652
1042
694
499
616
731
683
655
701
407
506
948
641
710
473
525
915
507
484
762
796
568
897
561
603
626
681
626
559
662
550
511
553
480
694
426
591
478
402
557
680
593
601
458
665
669
476
530
654
525
73
823
793
866
810
449
748
790
602
704
770
749
623
340
521
565
422
587
723
838
698
518
109
741
622
805
850
712
543
713
486
1012
417
638
718
598
784
1008
641
572
495
788
801
754
844
683
883
433
900
490
520
368
838
611
725
685
669
640
