72
162
90
104
127
121
133
55
121
85
112
114
73
86
84
64
114
77
107
105
93
56
111
153
101
87
107
55
135
98
93
93
91
103
73
134
100
84
87
76
87
120
105
116
96
84
90
68
121
68
105
103
85
106
137
130
121
116
100
107
110
114
76
79
115
63
93
125
32
100
137
98
142
75
82
103
82
118
75
118
114
110
91
82
87
111
110
86
88
75
81
103
125
107
99
114
99
116
82
99
100
114
98
153
127
123
132
114
102
62
148
92
85
71
116
100
89
98
120
105
133
55
81
103
99
87
107
69
103
90
79
106
108
75
111
77
134
110
101
73
80
111
104
79
114
92
101
111
111
94
125
117
59
116
112
99
88
98
96
96
63
125
120
87
