54
162
117
85
81
117
104
145
105
79
116
137
112
89
125
111
123
116
72
107
116
91
131
74
85
126
103
96
114
121
136
66
102
89
95
79
94
80
93
108
95
113
115
109
56
91
125
124
85
82
89
92
77
73
129
140
99
105
135
112
98
103
146
115
101
108
139
76
108
119
100
110
88
85
78
90
104
78
140
108
139
104
119
105
91
111
113
87
94
102
108
101
101
93
110
88
65
91
96
87
59
78
73
123
99
70
106
96
114
83
97
89
51
101
86
142
110
109
111
100
100
89
126
120
115
130
120
80
113
115
125
107
129
120
134
151
118
126
89
122
99
105
118
102
74
60
89
121
93
123
117
106
109
108
83
105
120
97
100
109
95
128
74
79
