64
160
596
761
550
475
777
378
616
554
670
693
493
952
548
494
843
434
722
470
310
836
484
570
515
671
637
794
390
623
645
721
666
714
756
731
412
762
753
731
583
726
496
654
714
547
804
758
373
648
599
649
686
417
755
438
782
544
737
721
633
776
869
632
758
479
564
527
770
732
595
618
714
486
631
626
538
745
701
698
910
452
864
683
981
510
539
639
644
810
683
601
418
554
533
610
528
453
511
698
745
590
750
880
648
889
706
986
450
868
548
672
670
796
526
779
553
781
622
755
816
778
678
413
555
781
624
335
550
777
670
729
608
368
557
596
645
740
525
399
465
287
384
496
504
404
304
248
552
516
668
594
847
564
549
380
733
432
575
319
616
635
