54
162
66
82
122
102
82
118
127
62
90
104
101
85
120
116
89
97
98
121
103
99
86
84
87
144
93
122
79
75
84
97
117
121
110
87
105
111
86
116
82
132
114
98
128
122
89
125
96
93
132
78
97
110
77
109
106
81
124
69
73
79
98
115
75
85
99
96
123
88
81
61
91
74
93
67
70
122
82
113
78
80
128
124
131
84
81
90
112
79
91
113
75
124
77
87
90
93
117
106
89
89
103
79
98
78
108
101
102
77
130
90
71
131
141
109
72
89
61
112
63
109
99
103
70
115
81
99
100
108
102
112
55
158
84
92
124
79
95
70
97
110
125
99
96
97
96
112
58
81
132
93
109
118
84
104
103
97
121
103
111
87
91
97
