72
162
597
412
232
350
358
467
556
528
344
184
262
503
354
431
352
292
549
256
177
210
333
391
211
218
186
336
175
519
583
174
516
365
577
437
376
500
254
290
332
231
580
455
628
520
368
585
523
637
563
451
357
604
461
415
346
584
395
556
604
170
376
480
456
351
368
440
530
644
343
289
518
475
633
393
543
498
605
182
597
196
502
554
510
338
174
235
320
593
419
222
626
398
542
163
175
608
488
286
350
434
630
411
287
479
544
259
288
348
536
539
250
221
177
245
414
528
459
164
564
562
578
408
288
218
305
206
592
287
410
372
545
189
506
417
424
367
355
521
278
570
274
348
199
645
302
380
478
593
187
317
512
462
271
224
576
544
630
635
181
448
167
535
