80
160
643
669
609
405
743
565
432
547
562
802
350
586
612
626
806
968
697
469
397
597
646
666
775
885
624
645
978
660
465
604
809
506
926
600
503
738
528
681
723
551
703
695
667
729
560
691
547
520
559
463
810
691
338
753
351
447
958
807
844
503
617
670
568
830
617
772
631
669
598
618
707
846
558
664
973
424
699
553
611
727
635
603
585
767
647
311
773
965
547
730
538
525
571
381
905
295
558
774
487
530
769
722
814
636
518
631
601
689
677
684
803
781
679
720
867
463
701
857
611
576
678
370
1093
676
862
611
189
670
440
730
430
644
624
640
674
583
540
566
544
817
730
529
804
440
488
823
327
732
685
553
494
523
860
731
596
679
910
707
487
879
