80
160
825
299
568
782
553
393
895
764
538
553
637
407
762
528
572
501
670
467
635
647
454
679
580
768
492
786
674
605
446
620
546
670
690
653
437
929
598
956
610
769
352
602
763
561
507
797
831
525
545
379
929
832
656
489
537
514
869
552
227
790
907
523
787
363
468
341
484
983
728
837
499
607
666
455
710
832
536
669
966
923
559
300
434
832
770
583
438
578
710
628
290
407
696
540
700
888
586
680
934
643
608
660
377
416
607
664
709
804
891
801
852
746
614
486
579
878
268
709
549
547
428
529
749
734
787
872
536
553
798
532
685
640
706
524
687
548
792
654
900
756
658
499
779
756
564
455
472
748
581
550
776
743
429
279
524
822
665
654
544
495
