72
162
114
88
57
12
92
70
131
131
37
89
84
111
69
8
73
123
131
26
141
184
65
118
106
5
67
109
130
155
55
106
146
66
112
65
55
134
85
135
113
160
55
94
89
139
52
63
73
145
178
200
150
117
159
41
82
108
176
51
87
196
156
132
88
86
56
93
132
114
71
163
58
68
73
79
74
114
166
121
135
70
56
61
84
125
162
42
182
137
30
54
205
92
163
47
160
177
24
77
128
146
157
89
109
134
178
116
157
163
33
20
86
72
85
99
59
117
103
66
3
94
113
44
99
77
61
109
96
142
185
87
144
123
137
214
103
178
41
46
40
33
123
129
157
95
141
114
62
90
109
170
126
130
114
78
168
180
163
40
98
81
71
138
