72
162
251
337
438
283
313
603
289
505
286
374
253
345
183
397
283
249
632
164
477
574
394
244
604
402
207
269
472
428
428
605
636
272
505
479
260
238
528
483
485
445
430
557
483
333
448
630
309
259
314
343
344
593
613
261
625
397
227
407
615
502
229
204
428
200
616
281
304
634
277
353
551
499
451
375
574
438
627
337
336
355
408
290
297
480
315
635
279
539
355
461
338
319
338
309
164
543
185
446
544
277
549
525
536
164
468
545
598
334
594
195
324
499
250
536
246
337
361
304
586
373
513
645
273
283
328
298
344
431
481
595
345
501
511
571
521
385
600
340
607
394
308
255
468
525
292
528
499
626
380
567
344
609
173
264
268
264
215
613
314
430
454
224
