72
162
459
395
181
314
310
290
479
265
353
433
510
203
178
435
502
610
457
579
177
627
392
351
348
282
488
415
369
400
606
244
430
518
165
643
379
206
591
643
481
235
310
362
271
468
410
224
166
486
424
435
476
573
215
446
589
483
526
506
208
399
197
264
616
208
286
375
474
327
371
539
618
296
241
375
250
212
546
490
236
432
164
397
532
535
263
646
564
275
422
260
443
238
379
469
227
589
186
505
361
535
413
294
245
569
598
312
635
288
502
392
456
328
585
597
569
169
282
403
639
228
494
606
612
240
542
410
507
429
400
270
440
563
632
170
390
192
171
271
224
471
384
391
544
288
500
648
263
204
633
408
552
206
522
577
204
429
455
420
576
171
425
496
