64
160
239
96
187
113
24
84
82
176
21
107
143
124
77
29
67
112
156
88
88
106
90
125
123
38
102
156
57
111
72
75
66
101
133
222
104
74
68
91
132
138
31
35
132
123
108
67
122
141
50
142
65
141
46
48
57
89
73
182
110
88
115
225
95
96
82
26
23
139
76
76
122
23
137
82
141
28
116
142
124
132
72
102
155
65
5
146
113
232
121
44
151
78
27
121
66
155
93
142
58
78
41
71
98
45
96
163
150
9
139
45
107
131
151
87
191
25
92
150
13
71
134
111
158
108
50
2
133
104
204
135
139
82
124
208
48
79
92
90
93
160
97
163
78
82
84
105
147
76
110
97
184
108
122
215
155
168
28
109
132
93
