64
176
115
87
93
92
97
116
107
48
101
143
115
86
118
83
100
118
144
112
104
94
52
96
98
146
95
82
86
94
153
129
88
82
119
108
107
122
82
89
110
90
107
108
107
86
109
74
136
104
89
81
97
100
93
93
148
123
81
111
92
96
93
70
86
101
107
92
126
120
130
102
93
115
129
80
80
113
33
66
100
124
129
80
92
123
100
97
88
68
122
78
76
113
101
102
117
131
84
97
95
108
96
143
82
97
101
88
103
108
114
94
94
104
151
109
82
86
62
137
132
83
62
98
99
97
115
90
77
88
104
111
112
91
102
94
82
120
89
84
135
111
118
66
124
124
87
56
87
109
105
96
82
101
111
111
67
108
113
66
92
104
49
125
115
113
96
105
89
84
119
92
105
91
113
75
98
99
