64
176
873
669
700
754
446
499
515
968
331
707
848
613
696
960
425
506
869
671
804
880
604
729
756
956
919
659
814
898
799
327
977
392
800
1059
752
701
550
792
985
601
598
432
885
933
996
758
974
811
728
568
654
673
507
776
591
746
711
708
493
525
486
1019
587
1007
576
908
802
667
374
987
605
710
899
822
548
775
885
1113
388
846
753
526
925
582
464
779
600
1019
803
628
1055
769
956
582
866
734
917
179
707
636
1238
751
575
569
638
727
899
890
859
822
1171
997
781
494
1326
977
732
743
651
657
455
989
556
864
742
606
825
377
311
647
1154
673
695
429
973
1064
842
936
747
596
553
701
532
419
798
472
872
1102
517
617
741
848
505
604
635
297
703
721
753
734
460
615
734
833
605
607
430
544
491
807
636
580
944
734
524
729
