64
176
13
35
51
61
55
20
38
84
72
68
32
53
36
1
20
82
21
10
57
94
93
35
88
88
3
32
33
97
14
71
57
89
36
41
20
97
95
8
20
97
6
99
3
42
74
61
66
67
46
95
3
34
45
33
18
94
92
15
53
33
24
71
45
4
45
24
55
16
45
12
79
1
5
12
31
50
25
36
10
76
7
79
23
96
56
9
40
100
11
58
68
8
86
74
41
25
16
89
55
36
10
40
62
53
11
16
93
90
47
11
1
58
50
33
22
88
99
60
57
95
87
43
39
91
55
77
42
75
3
23
32
45
80
22
93
5
97
66
61
55
82
88
96
27
78
90
38
73
16
66
85
80
52
97
20
40
11
55
77
15
82
20
39
82
95
80
69
71
38
82
71
97
60
28
91
13
