64
176
76
93
46
55
51
49
95
51
53
55
20
23
83
100
61
74
22
37
89
24
100
81
88
84
61
94
63
40
65
42
62
20
91
34
57
33
97
53
20
34
55
85
88
40
80
96
26
86
69
26
53
20
63
90
27
71
66
77
62
33
26
36
47
71
50
55
42
60
70
62
45
99
43
49
85
93
39
45
51
31
42
40
37
29
33
82
53
53
100
60
33
30
49
64
25
54
77
25
40
80
63
29
52
24
93
89
59
29
39
99
74
38
97
93
28
23
80
76
39
56
27
43
95
65
96
50
26
61
74
70
21
80
59
55
25
98
95
81
86
48
100
37
66
97
86
81
80
48
28
95
37
25
32
100
78
94
49
26
100
83
76
26
58
79
68
78
89
27
46
76
84
32
95
35
78
44
