64
176
71
109
74
114
73
168
89
165
35
58
131
131
76
70
48
46
75
101
5
99
33
129
117
193
183
115
137
142
113
120
135
75
112
169
40
49
4
101
135
145
1
82
146
119
151
133
90
125
10
124
164
100
119
142
104
201
39
154
74
162
124
65
105
93
63
68
3
99
115
112
143
150
30
48
3
77
141
72
59
189
140
198
27
3
62
141
151
51
71
96
49
98
87
95
117
118
106
107
121
64
82
55
64
72
95
128
146
103
102
90
139
98
110
163
82
122
43
122
78
132
108
102
144
1
89
21
97
207
133
81
152
188
165
96
105
37
58
68
59
65
71
75
117
109
220
18
111
31
202
83
148
85
85
96
181
69
123
25
81
177
57
171
181
62
114
89
83
114
33
132
80
110
50
80
171
154
