64
176
89
23
62
100
80
59
79
62
52
82
97
44
73
96
99
68
40
41
39
21
54
21
41
46
25
94
91
97
99
55
78
75
30
43
34
27
24
56
66
84
53
88
40
47
67
23
63
20
51
90
42
74
84
42
85
37
90
34
72
67
59
42
97
33
70
78
76
91
52
95
28
43
31
91
55
40
69
61
25
69
85
59
81
30
77
39
78
56
51
50
28
90
49
87
45
23
77
95
25
100
64
26
39
96
80
67
53
74
43
86
44
94
20
96
67
46
57
28
89
58
47
84
36
81
40
25
48
78
32
65
32
62
72
86
59
98
66
28
20
22
60
96
49
70
56
32
44
45
72
85
49
28
32
22
69
62
50
97
31
84
68
95
94
97
95
100
50
63
91
83
43
97
80
53
21
26
