64
176
3
53
92
65
153
139
93
121
172
83
54
77
118
139
114
32
2
49
79
59
144
44
85
188
139
86
135
138
79
85
96
79
150
41
153
99
114
186
78
19
26
107
144
46
74
185
48
70
48
111
49
107
92
142
95
99
64
17
59
51
92
76
47
18
112
46
128
106
77
68
15
20
190
166
60
125
135
106
37
106
79
135
115
95
51
59
147
30
114
89
91
108
122
135
80
59
67
92
134
45
217
131
48
120
60
52
97
173
35
3
111
124
14
123
117
97
187
72
168
122
84
98
78
107
91
75
73
75
71
140
171
102
206
178
169
107
3
149
3
153
81
116
90
129
9
106
110
161
54
67
197
71
139
160
68
4
155
64
120
197
162
127
63
136
89
74
52
128
67
100
40
101
67
173
64
196
