64
176
682
673
663
669
375
598
746
434
714
891
730
543
936
448
1068
734
724
625
657
891
695
816
485
730
543
676
693
1107
706
592
523
969
615
789
797
546
649
618
661
720
875
660
776
805
538
598
385
540
1045
669
553
530
783
652
900
1033
983
745
720
730
596
716
1101
1020
793
637
702
693
902
762
965
641
656
477
700
422
569
544
624
866
834
835
819
689
868
809
960
1065
929
552
992
828
514
539
606
847
676
495
604
613
696
715
650
1017
533
624
1040
943
673
749
721
767
1042
422
762
1202
574
709
955
249
570
1079
705
675
583
923
384
944
526
892
889
689
703
670
670
903
850
1109
961
927
867
476
696
865
627
976
730
770
1229
476
1034
821
841
802
709
636
627
675
789
406
777
696
759
703
635
759
400
853
848
964
481
348
718
813
746
848
