64
176
58
73
78
91
98
55
88
80
51
58
85
80
99
82
52
60
67
90
72
86
89
76
96
99
64
99
89
60
98
80
90
57
50
63
90
60
68
72
97
79
54
69
99
53
62
58
76
90
60
91
69
77
97
52
53
71
88
90
52
60
81
95
76
52
60
90
55
91
68
90
73
78
72
75
63
51
83
57
63
89
98
60
57
81
90
100
70
50
58
75
88
72
75
67
96
53
87
85
65
51
80
63
72
73
70
70
63
69
61
87
55
78
93
78
68
56
54
69
66
93
65
55
87
83
75
80
67
82
73
60
63
75
95
80
69
94
55
66
85
79
95
90
100
79
59
60
55
65
96
83
70
94
88
94
82
81
55
100
59
94
50
57
81
81
84
54
87
94
90
94
100
71
51
83
66
61
