64
176
20
40
33
84
60
36
82
38
78
71
89
3
41
94
97
43
65
76
25
5
70
90
91
26
52
76
91
99
45
65
99
62
8
18
53
28
87
86
92
85
63
74
83
47
9
54
59
22
28
64
45
54
2
16
72
39
29
84
30
48
78
81
48
53
36
17
36
87
88
60
62
20
51
78
66
96
1
91
82
79
55
49
71
21
56
9
32
54
55
49
31
48
95
23
5
60
16
46
7
70
77
95
75
59
40
59
48
39
2
50
27
81
18
29
4
91
71
85
78
30
69
68
38
3
23
97
42
32
13
97
79
80
11
84
3
41
84
86
23
31
22
73
20
76
3
29
49
22
3
48
89
19
35
15
67
45
25
81
46
35
31
92
70
55
41
32
91
94
13
31
43
30
82
87
57
50
