64
176
30
84
162
71
22
26
210
123
53
78
141
174
167
73
80
95
59
151
12
67
117
138
131
42
104
59
50
83
109
181
116
173
217
174
148
94
107
33
92
117
99
103
93
63
88
131
178
120
60
103
45
105
54
84
13
93
79
78
44
107
192
89
98
109
119
31
129
84
152
155
115
143
129
21
32
22
110
199
125
135
117
142
118
77
73
191
98
161
36
133
76
17
35
71
131
114
194
15
30
146
228
138
53
86
122
52
89
16
72
142
80
61
163
138
6
85
115
46
160
6
3
111
125
116
132
126
139
15
131
176
116
98
149
16
99
68
101
128
139
188
90
74
86
173
37
123
130
126
128
146
94
76
140
184
45
163
183
64
1
38
60
117
60
111
156
2
128
143
141
58
39
85
11
76
61
157
