64
176
73
130
96
109
92
119
125
113
150
56
75
69
118
114
120
92
101
98
75
55
112
104
126
95
95
84
139
77
118
102
120
92
95
102
98
95
133
77
117
101
71
136
86
102
83
114
127
139
95
101
124
107
105
109
115
88
111
87
126
97
87
108
122
109
83
114
110
101
73
106
101
83
82
97
120
102
74
116
79
69
91
100
109
88
100
98
81
110
83
112
71
84
79
91
93
94
100
69
115
79
80
99
99
86
98
78
99
124
96
64
90
74
66
143
67
85
99
106
105
118
94
100
123
59
94
149
129
111
91
105
100
100
123
142
61
118
152
116
101
79
110
93
62
111
108
94
109
105
97
68
93
100
111
112
100
118
102
115
87
111
104
72
68
122
109
80
86
76
130
79
97
113
93
74
126
79
