64
176
383
874
529
710
754
852
536
495
1081
681
609
757
503
809
730
749
485
775
718
732
453
714
628
617
980
686
998
851
467
823
559
261
890
724
777
862
804
824
648
920
544
721
813
280
448
797
619
647
759
414
667
633
404
626
830
602
770
883
1041
568
749
1011
860
725
916
815
854
676
603
586
753
670
291
826
717
691
712
763
802
495
918
606
856
790
741
870
611
897
749
621
984
791
891
918
452
513
568
606
573
756
595
818
621
609
863
586
834
513
917
540
601
596
855
844
1007
695
767
1043
654
851
880
582
575
811
451
584
679
927
935
680
754
653
735
765
675
584
836
612
712
445
848
733
782
810
466
672
691
906
978
819
754
575
818
767
556
839
462
772
894
761
649
785
555
818
927
480
811
664
617
617
836
933
893
801
773
804
