64
176
9
91
93
53
92
48
28
74
100
8
97
30
75
94
17
11
38
26
50
90
12
3
43
43
33
82
49
91
88
37
50
58
9
54
40
73
12
26
46
10
36
58
90
4
2
39
43
17
11
76
73
58
67
93
44
70
45
73
79
18
89
48
54
43
72
12
18
96
52
25
58
28
30
99
59
16
11
35
65
82
59
1
65
61
71
52
17
29
46
78
3
45
45
72
15
41
17
65
49
7
80
74
62
68
73
49
7
80
65
93
6
88
59
71
41
10
94
52
27
27
60
17
9
75
27
44
78
87
41
23
84
66
61
57
52
32
36
4
78
30
6
65
100
9
80
3
98
20
20
17
3
62
34
76
47
40
71
25
77
1
7
14
45
34
97
95
48
34
92
89
22
72
9
43
24
55
