64
176
98
61
92
56
61
59
82
94
71
51
56
66
75
61
92
67
60
93
62
89
62
90
68
98
97
57
64
96
87
54
53
74
58
52
69
64
85
97
80
86
83
66
72
67
75
68
61
100
95
99
54
82
50
81
93
80
80
90
51
72
83
50
81
60
78
95
62
95
74
88
51
60
71
53
85
93
66
85
90
80
54
93
89
70
59
63
64
75
56
52
89
59
78
65
97
87
72
82
58
90
61
91
89
96
66
55
92
98
63
61
57
95
56
93
66
62
92
60
82
92
100
63
91
97
87
56
70
98
87
51
61
72
93
65
55
84
73
99
76
77
67
73
72
78
84
79
94
60
66
98
51
89
53
52
71
92
73
59
81
93
82
77
68
98
97
91
71
60
73
61
85
95
51
64
75
60
