64
176
100
40
39
95
60
91
48
87
96
44
59
70
23
75
41
38
37
24
41
22
52
52
69
63
26
27
85
86
35
98
67
92
87
40
43
49
61
61
96
55
74
89
71
28
95
61
28
26
54
89
25
22
88
30
89
55
37
60
50
75
61
89
85
30
82
87
22
80
65
100
76
61
77
24
96
73
82
55
57
51
90
41
78
68
45
54
69
40
85
60
71
20
32
56
30
72
38
36
81
99
57
43
32
31
40
82
53
100
29
29
89
100
81
66
51
63
38
97
74
57
79
92
64
34
88
51
32
44
61
45
84
95
63
34
20
57
92
28
94
83
94
41
57
86
100
63
28
83
71
51
94
98
60
73
24
68
47
81
27
81
89
73
84
39
24
41
25
28
36
93
82
61
22
65
52
56
