64
176
16
131
145
78
81
118
59
99
92
105
117
74
106
117
12
130
106
106
129
59
129
109
124
18
138
141
99
40
64
155
180
157
121
127
73
24
61
95
117
107
62
106
82
57
159
84
59
119
135
13
155
61
94
138
89
58
64
51
5
100
135
144
74
57
140
174
117
101
92
193
81
66
104
115
83
65
156
131
171
137
125
58
195
131
169
147
93
69
89
10
51
156
125
119
148
34
67
96
18
11
60
179
106
77
149
129
65
99
150
78
11
111
131
105
100
90
138
114
112
93
101
112
59
87
163
41
133
127
65
145
144
102
95
176
50
93
97
68
109
59
99
143
108
57
183
75
23
91
15
111
32
91
50
131
153
107
33
121
164
102
193
114
163
43
107
150
25
72
178
90
117
135
70
55
168
14
