64
176
476
225
525
646
594
355
633
512
406
649
488
396
625
273
304
478
263
420
666
346
258
267
417
488
658
405
356
488
296
332
253
229
476
352
405
617
565
294
353
334
679
647
430
660
233
375
656
558
234
529
380
686
367
427
178
579
505
321
384
220
591
299
321
508
428
634
602
233
483
215
266
577
497
685
279
485
547
216
454
248
221
633
601
453
691
547
629
660
344
533
289
410
291
406
441
212
347
660
425
510
374
443
449
188
516
188
456
311
646
666
227
530
375
596
399
605
232
385
456
233
455
670
326
198
438
226
312
277
626
543
610
412
181
556
260
702
430
514
520
260
249
682
563
503
696
622
423
462
205
694
662
192
280
312
534
591
582
560
436
630
599
188
503
388
460
380
349
484
388
644
584
521
500
647
528
212
