64
176
101
92
152
108
79
80
82
109
96
124
98
113
86
146
119
91
126
111
119
71
80
108
112
150
91
101
106
83
97
101
88
93
139
120
100
98
97
107
84
97
134
137
106
44
94
39
90
128
112
106
132
91
100
68
149
89
60
106
58
99
98
100
82
95
110
80
109
86
104
96
111
74
126
103
109
95
116
77
93
78
141
144
102
106
55
99
86
129
111
123
133
100
109
85
69
109
131
78
80
108
82
78
91
79
50
114
113
87
84
115
125
87
90
79
63
100
78
145
143
108
92
93
101
119
83
94
94
63
106
94
132
133
101
80
107
134
140
98
78
113
109
85
95
101
102
96
78
105
104
124
109
130
116
113
81
121
85
98
122
69
97
85
86
93
114
110
109
112
97
100
78
111
85
101
76
122
