64
176
18
1
79
40
73
89
61
22
99
88
84
47
41
23
64
75
42
16
74
91
19
10
66
19
14
55
11
40
26
86
12
34
61
26
59
15
56
48
57
99
24
83
18
82
65
78
95
28
13
15
6
71
85
98
17
98
89
94
45
52
59
82
97
58
77
63
39
35
39
10
10
55
62
80
60
33
30
84
1
32
54
55
20
98
80
75
71
68
19
76
23
26
55
1
75
85
14
22
26
67
40
58
16
57
46
66
49
51
27
100
29
35
62
67
46
43
83
39
45
82
39
83
61
52
6
60
38
65
9
84
29
40
91
8
10
3
4
79
4
36
83
50
94
38
73
54
82
57
34
52
2
62
49
15
51
81
64
26
31
12
100
75
17
52
91
64
2
62
61
94
48
30
88
14
96
57
