64
176
576
702
542
405
1111
445
715
332
630
838
779
884
648
442
904
496
1048
581
890
738
660
622
643
919
904
918
533
674
584
867
533
1014
888
859
692
609
753
818
680
620
918
620
734
426
843
844
688
816
652
498
556
697
424
750
1000
592
578
538
716
868
912
892
656
525
642
681
435
605
494
773
444
756
724
876
700
505
637
390
669
714
805
585
603
699
923
650
657
499
644
665
318
822
671
815
525
990
449
711
760
636
564
846
856
605
971
580
849
528
491
552
799
510
336
820
633
965
891
916
666
914
574
775
656
441
510
724
827
801
749
765
576
752
1044
651
424
660
645
755
587
436
776
515
620
755
898
923
939
766
590
884
757
738
610
500
892
619
829
835
785
561
521
687
435
366
857
823
779
738
650
711
1003
898
680
624
791
419
