64
176
45
50
82
53
23
33
85
53
39
25
46
92
55
99
66
96
98
77
22
92
88
76
61
34
60
36
73
89
21
35
74
63
74
80
73
40
91
46
48
27
93
57
58
24
39
87
60
51
43
55
54
23
83
35
83
24
54
75
46
44
73
89
34
86
58
23
58
53
61
75
78
59
98
80
34
89
61
31
20
31
99
92
76
88
61
58
39
86
59
54
54
29
35
71
41
99
42
44
42
63
71
92
78
80
33
57
60
63
29
40
92
85
95
64
80
86
79
73
48
68
20
61
67
96
63
20
47
40
26
92
51
86
56
63
68
52
28
71
48
60
47
76
60
49
67
65
74
55
25
84
81
34
67
49
96
89
34
80
69
43
66
50
64
94
87
50
34
30
76
93
70
39
44
92
70
28
