64
176
60
39
91
8
21
84
42
52
11
72
84
4
31
83
14
62
33
84
54
84
20
74
98
42
54
78
3
69
90
3
68
72
21
69
63
2
13
48
86
2
27
14
47
8
75
40
18
7
51
47
14
16
61
75
92
5
84
18
47
95
89
93
37
46
92
14
64
39
96
90
30
98
59
100
87
43
87
7
82
33
77
83
82
7
25
4
50
25
98
30
56
24
96
93
13
96
63
72
80
21
68
7
23
48
60
1
92
65
86
65
9
88
51
70
60
100
46
6
48
96
36
72
48
9
41
45
14
84
95
7
79
50
79
18
61
74
73
18
48
9
3
28
76
26
72
17
37
3
7
7
28
9
82
28
95
58
47
68
31
99
69
16
56
42
18
94
17
61
20
38
20
15
8
79
56
22
