64
176
52
60
61
85
84
92
92
55
89
60
95
99
96
50
90
75
57
78
92
97
94
70
69
77
81
78
67
58
55
55
97
92
69
65
90
73
96
69
60
88
65
74
55
56
69
79
96
74
67
97
59
70
94
88
71
92
88
67
85
72
83
86
93
58
59
78
64
92
85
66
79
56
56
99
89
53
89
68
96
82
88
78
60
81
93
85
70
69
51
83
83
77
89
81
82
85
81
90
73
65
95
99
65
82
91
62
66
97
65
89
59
84
70
60
79
93
63
72
72
54
89
100
58
66
81
78
66
89
56
86
95
91
72
65
60
65
83
64
67
54
82
72
84
72
52
88
82
51
57
100
90
71
55
61
57
63
61
52
51
98
66
98
78
96
56
75
85
93
60
76
76
54
50
85
50
78
