64
176
72
88
99
41
59
76
44
58
87
46
90
95
13
45
100
74
23
92
66
90
43
8
88
68
2
95
74
50
27
34
62
70
84
52
97
7
42
85
23
31
100
45
60
21
25
87
81
78
9
71
55
33
85
30
7
17
57
39
62
71
5
65
28
99
100
89
5
45
39
72
20
89
35
68
55
74
12
42
31
62
44
97
33
56
78
94
37
30
27
45
16
61
89
43
16
49
32
33
79
98
31
21
4
84
59
30
49
9
97
87
42
39
13
59
15
22
26
12
13
10
92
2
11
39
14
73
80
50
13
17
51
43
48
56
28
2
37
6
47
87
74
33
64
56
25
43
68
95
53
50
27
93
29
79
99
7
70
99
85
67
18
50
81
15
15
64
4
64
92
15
42
93
37
33
77
38
