64
176
122
93
126
84
129
84
112
77
103
91
76
125
86
76
99
119
136
82
132
81
77
117
106
97
116
84
82
125
99
138
95
96
64
115
120
112
91
114
91
70
94
128
109
139
127
123
73
100
96
88
111
111
102
90
114
86
87
90
101
72
157
114
103
126
70
103
129
103
116
145
97
66
67
137
123
106
101
112
120
128
126
109
102
102
104
133
113
114
83
96
86
61
91
132
102
123
107
96
100
110
92
61
119
74
92
85
108
89
92
85
99
60
86
107
145
127
105
96
70
83
110
98
74
145
109
135
69
81
83
91
98
83
105
114
77
132
131
66
102
118
73
82
100
76
138
92
123
158
87
104
74
87
117
87
77
106
108
95
123
68
88
122
94
135
119
90
54
69
82
69
103
69
83
117
80
141
