64
176
34
55
77
87
41
56
40
82
41
54
36
96
46
78
60
72
41
41
79
59
41
39
59
67
86
44
67
24
63
66
84
59
76
21
33
23
26
51
67
29
77
34
97
91
58
85
100
80
91
50
50
47
43
65
41
53
55
89
57
58
73
33
42
43
81
39
82
58
35
92
72
88
54
80
49
36
90
72
22
73
63
74
62
32
93
46
68
25
67
76
38
55
57
83
67
80
88
64
100
95
36
35
77
61
94
31
86
30
73
65
97
58
93
64
29
78
78
74
86
49
84
48
29
73
24
83
88
94
100
55
60
74
52
39
38
90
71
88
98
62
89
96
34
94
58
97
89
81
43
39
98
50
35
75
97
30
87
32
56
62
76
72
63
69
27
81
78
61
42
93
62
64
74
56
62
77
