64
176
485
226
661
294
412
378
206
659
519
231
341
603
308
477
238
265
413
289
378
180
672
534
648
596
190
572
608
440
199
230
376
376
246
284
510
421
354
682
432
332
202
510
628
426
333
272
298
487
680
333
590
245
401
685
239
393
363
467
338
342
180
673
568
527
476
229
586
440
367
326
245
187
673
447
576
703
354
522
451
479
597
436
397
493
310
487
635
536
636
395
527
302
684
391
249
638
182
567
410
440
401
364
406
414
402
673
566
512
260
196
443
700
362
599
396
586
537
176
487
249
523
476
524
519
629
247
550
692
578
562
443
516
352
501
476
369
535
604
417
208
645
202
278
607
426
586
646
596
443
242
532
233
346
652
568
703
372
251
687
677
273
390
340
567
290
282
249
521
563
497
571
453
373
368
682
596
