64
176
125
38
124
119
49
151
59
158
41
191
189
199
124
98
103
81
53
66
36
21
79
36
152
170
128
64
93
116
121
205
90
102
73
115
87
138
131
92
90
96
20
80
11
12
114
126
126
138
104
102
63
55
25
88
110
56
85
189
90
57
95
186
137
101
132
81
123
89
86
25
86
27
157
106
78
139
136
60
108
143
82
137
44
81
152
135
141
125
98
95
85
112
178
100
36
41
120
77
132
112
151
115
10
97
100
145
29
122
18
128
111
70
159
168
65
86
75
116
160
64
103
169
37
136
55
113
187
146
175
82
49
83
80
173
116
164
46
99
131
172
209
81
76
59
29
18
28
128
115
82
129
90
37
15
190
187
90
68
49
58
126
110
109
164
173
131
110
119
154
88
67
166
128
1
140
47
