64
176
2
37
87
88
57
15
88
44
5
84
91
6
71
32
39
92
77
69
93
40
11
63
3
7
63
51
100
17
75
55
83
26
37
59
15
87
12
37
96
39
25
8
73
5
49
57
31
19
32
38
55
66
44
97
75
31
60
85
29
42
87
7
35
61
40
21
100
16
76
29
45
17
5
75
91
94
99
90
25
27
41
69
42
56
21
11
75
55
28
65
36
66
86
92
45
8
9
67
99
35
12
39
90
53
94
91
30
35
72
90
47
68
35
35
5
43
2
73
11
70
86
55
49
28
67
79
34
30
8
88
43
56
86
40
82
34
35
16
84
22
94
20
87
18
79
27
80
30
33
69
2
95
25
63
30
25
14
64
28
35
59
69
51
40
82
95
18
11
79
58
93
22
68
9
10
62
