64
176
112
109
77
92
112
86
85
85
101
126
102
105
92
106
89
85
112
136
113
74
95
126
135
121
106
99
110
118
94
132
93
106
105
99
104
91
74
95
74
133
116
133
118
93
90
110
106
125
120
164
71
83
98
84
71
91
95
109
87
119
114
110
105
84
122
131
103
93
87
99
86
105
89
90
69
63
101
91
78
88
106
147
108
63
116
126
67
79
104
99
119
88
108
98
110
86
97
66
114
72
115
88
83
104
99
112
127
96
119
111
83
139
82
115
101
100
116
97
106
122
56
65
126
73
87
113
84
120
133
71
78
101
100
79
144
116
129
120
122
118
99
90
111
126
99
97
115
98
104
98
105
82
107
119
148
115
110
97
101
97
84
97
90
122
106
130
91
97
101
81
113
124
120
75
82
149
