64
176
170
151
53
119
123
86
68
114
51
124
54
147
121
85
136
132
145
25
62
79
6
147
61
138
107
141
45
124
65
155
103
70
85
94
57
267
24
146
99
146
89
90
133
52
123
151
141
135
137
109
135
22
122
86
159
196
152
5
76
32
102
12
116
100
165
173
80
72
190
49
138
55
137
111
177
94
94
84
82
141
37
42
105
24
5
91
151
88
151
84
71
147
142
82
40
73
130
55
39
60
71
48
33
140
62
111
168
57
130
122
173
120
58
177
147
151
66
116
118
149
56
173
129
70
141
93
81
90
143
109
82
104
63
41
224
97
82
65
96
176
147
105
84
114
156
103
109
93
145
97
146
131
65
59
46
113
72
101
43
101
10
71
8
80
20
139
33
108
69
209
133
42
112
113
95
99
