64
176
884
995
662
717
1034
351
722
718
701
715
413
691
576
221
572
820
643
565
496
450
775
630
720
636
899
593
417
618
968
822
682
538
570
814
438
676
410
694
535
1198
707
829
1009
820
641
763
453
762
766
367
563
869
858
893
519
874
920
844
546
837
642
668
800
811
606
831
617
462
839
582
930
864
545
657
338
591
637
622
590
661
553
770
748
644
570
731
871
927
735
299
616
604
625
618
483
682
824
830
759
567
1027
561
594
723
631
467
862
698
889
255
728
420
543
829
887
436
414
883
859
730
837
834
681
810
735
819
432
637
826
426
1002
696
513
582
849
618
843
762
474
897
607
890
656
636
841
370
579
978
655
747
755
575
720
518
702
516
985
554
424
1290
833
711
802
537
790
709
743
763
649
549
279
622
984
471
766
494
