64
176
667
446
529
680
465
285
354
327
702
695
223
555
229
187
562
186
490
351
226
231
283
289
645
473
363
192
475
336
515
422
538
340
704
440
321
372
657
235
665
518
261
515
353
642
498
359
561
318
236
460
499
295
443
570
639
229
638
463
284
554
315
426
410
231
421
688
612
279
380
376
481
388
676
540
474
364
661
200
248
311
180
606
518
543
685
405
202
406
378
668
336
500
364
377
188
197
283
364
529
483
251
428
533
372
251
489
509
527
177
407
439
314
428
410
355
344
690
475
243
656
571
386
276
521
355
186
293
394
533
665
452
223
499
566
267
418
196
294
443
602
676
660
302
659
261
379
519
658
571
596
463
619
281
496
316
558
191
236
360
378
630
383
540
211
579
612
234
432
243
277
248
471
551
426
216
678
