64
176
392
354
326
375
228
232
496
251
595
363
589
230
198
384
408
605
558
578
414
600
472
517
555
299
375
557
524
291
574
605
442
465
570
416
484
209
517
179
597
474
322
379
247
240
583
626
526
405
414
697
545
440
602
275
249
454
449
290
584
348
376
418
574
331
444
638
192
573
607
704
425
203
568
489
257
469
429
376
598
537
282
469
540
497
584
351
599
365
275
469
322
184
570
368
606
605
392
304
216
298
446
649
205
517
305
359
240
404
286
466
466
634
306
348
420
406
284
417
585
701
237
217
398
546
292
672
235
597
481
400
425
323
659
346
479
184
683
620
503
193
487
475
211
517
475
290
209
366
423
696
348
563
582
584
585
699
404
236
282
240
606
663
263
548
214
205
632
448
370
693
527
515
197
359
427
424
