64
176
78
100
58
58
53
82
64
75
70
98
54
73
61
69
76
53
69
75
92
75
97
57
90
90
58
68
57
50
100
56
70
58
77
87
96
66
53
69
63
79
78
53
89
57
59
76
85
72
83
64
65
91
96
71
61
56
78
68
83
54
81
94
92
63
50
76
75
82
92
68
76
75
86
57
83
99
63
68
88
71
71
74
55
54
74
50
99
84
75
74
73
63
78
91
54
89
57
72
50
73
50
73
90
51
99
90
54
91
58
52
99
67
85
54
91
61
82
91
82
54
56
77
52
57
88
53
96
92
80
87
93
80
100
64
93
50
95
80
60
95
65
85
90
59
57
83
66
77
71
90
50
99
81
64
53
60
73
52
80
80
66
96
96
58
84
51
58
94
97
84
68
74
63
90
92
50
