64
176
207
305
377
260
231
498
309
467
351
306
541
396
340
354
281
408
534
201
223
321
674
510
558
213
625
691
569
541
234
279
413
475
415
285
374
591
453
677
356
589
263
320
375
691
299
334
697
427
303
598
381
235
272
597
437
443
201
511
615
578
243
321
316
176
250
225
445
652
660
674
690
368
338
372
330
445
643
493
591
256
625
216
345
700
230
466
288
656
365
599
559
421
588
292
350
252
338
457
392
590
273
531
442
540
288
234
417
656
548
523
698
231
479
606
328
549
627
366
334
281
550
291
595
262
331
469
475
341
310
194
520
307
369
379
377
415
593
671
328
598
480
439
403
548
582
353
210
686
664
434
411
673
321
689
251
506
341
429
270
543
627
649
266
210
489
453
532
195
268
245
609
331
399
631
540
502
