64
176
116
82
120
77
128
102
131
137
116
98
122
129
59
98
101
104
105
116
96
110
137
113
104
98
84
134
125
107
135
111
112
111
102
73
95
103
87
97
121
81
116
96
86
119
75
121
105
104
100
123
88
62
113
90
62
128
104
73
99
110
88
118
101
107
100
85
98
102
91
132
105
79
129
85
96
93
122
89
105
128
107
128
97
106
85
100
80
56
91
99
84
118
86
124
81
111
82
81
108
136
75
145
75
131
106
130
98
95
111
93
96
81
116
84
92
124
121
108
92
128
107
125
131
139
114
106
135
94
114
136
98
87
93
99
85
96
93
128
107
85
81
79
139
75
142
99
89
70
82
150
116
75
98
102
83
98
81
78
69
81
97
112
133
145
125
89
106
91
96
100
126
106
93
91
99
111
