64
176
81
87
31
95
59
86
32
52
57
65
28
31
81
90
85
85
85
48
3
41
15
16
80
49
72
34
95
85
78
31
5
16
94
86
47
81
70
97
48
73
23
46
73
69
54
86
81
83
79
88
33
38
79
85
10
80
62
87
88
15
59
95
32
80
6
75
84
18
28
2
81
30
77
90
29
84
46
98
9
87
16
87
64
57
89
52
6
13
11
21
97
18
35
5
70
11
66
63
92
1
81
51
11
36
51
60
11
96
65
43
81
8
45
54
34
36
56
24
55
60
12
85
100
97
92
66
7
98
98
79
35
88
17
94
17
8
97
79
50
40
59
46
32
98
96
15
12
13
6
77
24
54
37
73
72
86
14
56
79
76
71
9
54
48
76
98
77
7
49
68
65
44
100
73
77
64
