80
180
70
24
112
131
142
104
22
121
56
95
107
106
71
122
79
135
79
38
116
135
65
29
151
89
130
148
225
161
108
26
23
134
28
125
74
112
121
83
111
71
113
50
114
148
89
58
192
98
122
101
20
141
122
75
58
50
110
173
49
115
43
98
102
164
110
35
175
37
50
53
73
160
78
104
55
151
123
127
113
146
134
136
116
88
98
114
145
168
83
129
165
134
116
71
114
39
57
147
69
27
111
105
76
56
131
86
25
136
16
29
108
132
156
92
15
37
2
121
87
123
136
26
44
191
97
85
98
31
117
121
109
201
125
98
77
79
105
84
18
54
74
109
163
160
144
95
129
53
89
75
113
23
93
107
115
96
109
91
67
139
119
141
122
50
54
135
29
86
176
23
49
43
163
81
114
156
113
124
122
93
