90
180
311
192
717
708
471
473
556
446
677
316
305
367
620
603
206
707
678
262
323
637
664
476
650
326
321
409
368
374
456
491
405
495
349
428
424
354
201
514
622
509
529
270
512
358
411
712
585
223
265
314
513
332
408
201
216
270
299
658
457
462
597
495
682
290
490
631
375
479
346
265
239
328
251
473
343
456
666
716
426
194
257
618
463
267
210
257
221
463
690
398
590
262
694
697
468
701
676
551
297
375
564
300
572
367
457
650
278
699
351
465
555
196
448
537
184
554
501
230
626
380
511
565
404
254
643
497
367
195
473
402
468
560
520
430
302
579
212
376
590
657
598
515
266
443
660
604
343
652
247
181
493
248
422
272
194
280
313
439
476
579
422
380
323
312
242
673
681
251
395
180
337
649
641
188
639
236
199
342
278
471
