80
180
64
51
26
52
78
97
34
80
68
50
56
33
40
44
42
74
24
51
90
64
35
50
99
43
92
78
33
22
70
60
79
45
68
60
75
26
53
67
53
74
62
54
32
95
66
76
33
75
90
42
32
100
87
73
66
21
80
71
44
91
91
71
35
93
43
20
92
44
81
58
26
55
42
72
86
65
53
60
36
53
28
28
95
31
33
79
59
92
91
73
69
38
70
96
27
32
42
28
25
73
34
77
45
29
86
83
37
76
84
96
73
42
29
49
25
72
68
88
20
82
86
79
31
67
59
79
95
75
28
44
48
46
32
96
97
66
84
84
29
22
55
92
60
69
100
23
72
26
82
64
97
82
56
61
50
59
34
55
53
46
70
33
37
39
71
80
74
49
59
50
44
77
32
29
37
82
95
45
48
75
