72
180
51
93
60
81
97
85
96
88
52
60
60
82
79
87
71
82
82
93
55
59
78
54
77
60
94
98
63
98
88
61
83
66
73
61
50
81
90
71
70
72
58
58
86
82
78
90
58
51
76
94
70
56
84
72
68
68
92
65
57
76
69
66
64
77
92
64
92
61
61
51
54
63
50
91
54
58
66
81
72
91
73
65
64
57
90
100
93
97
94
72
61
66
57
63
58
56
83
59
64
69
95
72
84
76
59
90
64
68
80
67
100
96
67
85
82
59
91
67
84
75
71
86
70
59
50
89
61
77
59
82
73
65
81
72
60
62
53
100
95
63
94
93
97
73
99
78
84
85
85
68
93
70
69
93
97
100
73
50
69
98
62
67
51
74
71
51
70
68
98
56
96
69
66
85
88
100
94
73
88
95
