90
180
35
91
33
70
76
95
48
48
87
88
66
97
66
56
66
21
47
95
87
92
70
69
49
59
61
36
65
20
67
43
22
67
93
68
58
99
76
39
50
93
78
23
99
25
68
57
22
86
68
86
84
85
35
76
43
61
53
54
81
93
83
91
45
46
58
100
41
95
22
72
93
23
100
69
39
42
100
20
73
20
89
31
66
25
87
62
72
22
60
66
93
64
22
31
35
74
75
53
88
42
89
94
67
26
79
94
69
99
99
68
29
37
23
21
30
76
64
85
72
27
46
42
65
63
59
99
44
43
21
95
34
50
83
50
91
21
43
46
28
61
25
99
27
54
79
97
75
83
29
47
31
60
38
78
89
43
61
42
73
52
49
99
91
100
58
64
43
50
49
40
64
24
83
26
98
35
73
85
21
48
