90
180
48
1
27
1
58
88
92
77
57
15
26
90
53
25
92
33
57
39
59
29
26
70
9
100
21
76
75
50
14
36
93
32
28
89
54
11
46
36
31
48
74
69
13
65
51
66
11
67
28
7
39
72
12
59
48
45
43
96
97
65
98
22
72
24
33
66
45
81
96
3
51
29
100
77
35
28
48
94
58
43
5
12
9
69
88
51
59
6
46
81
10
34
70
13
30
11
7
96
34
69
76
94
29
79
37
47
17
25
82
14
51
78
66
5
74
8
97
84
82
15
16
72
63
80
42
96
85
68
21
76
3
94
55
40
31
17
81
25
51
71
9
58
81
84
53
16
47
51
35
95
27
7
23
37
27
49
71
29
48
25
51
30
91
16
24
3
87
7
92
22
35
30
45
7
21
43
85
8
42
14
