72
180
17
78
13
75
75
78
3
85
34
71
73
45
81
12
35
81
95
37
28
91
19
58
7
72
37
18
63
44
12
59
28
11
18
48
96
28
31
40
16
28
82
50
53
43
47
99
4
66
17
88
95
32
41
23
60
43
55
41
61
45
93
47
96
40
81
29
34
17
8
33
5
95
2
34
23
100
82
38
52
68
20
87
28
27
10
48
1
62
44
74
97
81
5
19
57
22
12
89
10
3
36
3
86
27
47
45
42
24
91
89
70
74
35
59
93
58
89
72
64
23
20
87
68
2
87
75
97
20
49
79
2
45
67
36
23
22
52
1
13
20
97
36
99
5
84
39
16
74
27
98
18
2
95
73
95
1
45
66
6
85
18
63
64
97
27
31
61
15
99
49
77
33
26
82
74
74
83
23
14
72
