72
180
54
87
68
79
72
56
68
90
53
100
93
87
57
98
54
83
79
85
76
62
60
67
88
50
57
64
52
50
70
78
87
97
95
55
75
95
63
78
53
68
78
90
64
65
71
93
55
69
97
67
50
65
89
61
71
85
76
64
80
75
95
97
67
65
70
65
52
65
91
88
61
56
58
89
97
76
77
55
82
98
60
90
94
55
51
79
86
74
87
75
94
66
59
64
64
54
81
66
69
91
68
92
88
83
59
60
65
86
93
98
51
51
71
69
68
64
88
77
82
55
62
55
73
78
51
67
95
87
97
80
76
82
85
79
97
83
96
82
88
64
78
61
100
78
99
88
55
64
53
51
64
63
100
74
72
76
94
83
89
65
55
50
78
68
60
60
62
66
65
88
96
92
72
97
94
64
97
94
79
88
