90
180
94
79
94
74
74
25
83
83
21
32
83
80
52
31
45
86
38
92
55
56
45
40
34
68
89
81
88
70
22
75
45
52
28
64
89
58
68
57
51
36
55
53
41
96
48
65
55
93
38
54
44
99
24
49
21
53
100
46
67
59
46
62
45
24
36
29
46
93
41
60
46
86
48
76
21
26
26
71
55
47
48
87
97
63
22
22
67
60
42
90
25
63
47
36
53
75
60
82
59
62
43
23
87
35
38
93
74
54
43
60
86
46
95
44
71
76
100
34
59
38
49
88
61
55
82
60
46
85
38
44
35
43
73
60
46
81
29
77
95
42
69
92
61
95
50
98
86
70
45
47
48
32
98
31
77
25
30
35
36
78
29
71
40
51
89
67
81
28
55
38
35
73
43
68
45
64
81
48
79
50
