72
180
172
60
173
144
81
78
101
126
37
48
184
53
209
125
213
151
149
122
100
8
37
121
99
117
43
52
210
75
96
175
91
72
167
87
178
52
45
212
118
35
179
159
70
185
49
144
49
198
79
138
103
127
195
95
112
120
100
83
55
106
11
103
96
172
183
53
72
141
150
84
77
121
164
127
152
89
112
84
117
126
92
94
91
86
177
88
141
46
205
46
142
181
34
80
41
73
36
105
75
88
121
124
155
60
9
111
156
103
146
80
66
101
125
105
179
126
116
119
161
110
174
120
155
139
76
215
153
120
172
80
108
71
75
135
110
128
78
95
62
146
58
30
94
37
100
137
144
50
134
100
186
153
111
107
7
167
102
111
116
150
75
128
96
55
88
208
250
49
160
98
175
146
61
79
166
142
157
102
71
80
