72
180
614
637
605
789
693
669
865
737
740
674
635
789
672
804
1021
692
907
873
854
498
915
1008
1264
668
556
614
1047
502
652
1053
888
838
568
680
816
763
952
946
594
590
425
814
632
385
923
809
1016
969
576
816
751
945
1058
792
938
681
787
1033
927
577
743
625
653
624
687
793
806
851
851
674
721
817
602
766
787
434
530
633
949
995
783
461
427
438
431
866
431
863
876
745
538
836
932
856
882
736
780
546
946
706
894
719
671
568
880
745
844
699
846
1076
837
746
574
755
687
467
894
799
778
957
481
614
731
693
749
766
672
711
1134
934
718
1003
540
577
606
566
862
995
653
907
971
683
885
757
774
752
833
653
901
916
765
561
852
790
549
688
904
1015
655
818
894
640
468
587
545
848
559
700
762
796
747
946
737
794
548
625
378
877
794
833
