90
180
63
91
68
90
86
91
88
99
91
59
64
52
90
84
82
79
62
54
86
100
74
58
100
91
68
73
81
52
67
99
89
68
79
57
72
64
86
52
58
74
95
94
95
52
60
92
91
100
79
84
62
100
50
65
87
86
98
93
80
79
89
61
52
65
82
87
78
86
93
66
64
61
87
89
63
71
80
73
99
82
71
59
90
73
58
86
98
92
77
91
55
86
81
76
99
53
92
82
57
60
74
89
80
87
99
56
87
96
64
62
90
84
78
56
59
93
88
75
71
97
63
100
75
90
63
75
52
97
63
87
72
50
59
50
95
66
53
78
64
100
70
60
90
54
64
67
93
61
64
87
87
74
57
67
63
81
59
77
82
63
60
67
81
94
64
91
93
97
58
56
76
54
75
65
84
85
50
64
65
93
