90
180
56
100
31
70
21
99
31
82
96
41
93
96
58
76
37
81
85
46
47
82
53
39
44
93
74
52
73
21
82
28
25
54
74
46
83
54
65
37
38
22
81
67
66
80
97
98
100
63
24
52
89
29
34
30
43
48
65
73
37
49
60
91
90
37
42
58
89
68
62
44
75
78
30
84
65
81
51
84
24
32
92
20
100
36
43
77
52
71
73
73
73
76
27
98
87
67
98
54
42
99
56
95
100
53
44
47
32
51
39
75
26
25
39
55
100
80
38
36
52
69
75
75
97
57
46
61
21
92
80
41
87
37
57
29
99
36
39
67
30
95
23
64
33
63
54
24
87
67
76
30
55
37
37
54
54
39
55
77
28
92
98
83
73
67
98
48
45
63
78
69
92
87
90
88
30
96
65
62
64
51
