80
180
92
99
86
73
109
121
83
85
94
78
112
132
81
107
101
98
113
102
96
76
96
82
102
117
88
93
104
103
101
124
121
77
97
77
84
82
99
77
138
82
83
144
122
104
71
66
106
89
70
96
92
116
101
90
94
93
105
109
97
63
77
119
106
114
89
114
74
120
104
81
106
104
101
96
120
77
142
58
103
95
101
89
88
123
92
103
129
133
104
126
110
122
114
91
139
83
126
106
100
89
94
100
59
105
96
80
90
102
98
29
92
134
75
92
124
127
84
130
137
115
95
96
79
73
106
106
93
92
112
97
93
69
126
121
101
144
87
87
116
62
107
95
90
107
123
134
112
108
87
95
120
98
67
91
92
104
106
68
102
129
143
99
103
102
104
112
103
101
138
105
106
105
110
104
97
108
88
83
107
110
