72
180
73
89
92
117
86
117
82
89
106
80
87
48
121
101
101
119
104
108
126
106
94
114
72
83
89
121
100
92
107
96
101
87
99
144
133
107
74
101
89
61
149
102
89
97
108
110
58
123
79
110
80
91
133
116
88
65
87
82
122
97
81
93
120
114
112
120
113
96
107
95
108
111
93
68
81
78
68
104
87
138
123
68
92
101
131
109
84
92
93
108
88
105
113
106
95
84
104
89
123
86
97
71
93
126
89
115
122
106
78
96
121
114
81
104
124
71
114
130
96
95
111
57
130
92
114
98
124
105
102
79
102
103
113
115
98
89
99
61
106
76
119
142
89
135
89
98
91
104
68
110
98
128
76
91
88
83
95
65
99
148
107
95
84
125
75
124
69
99
75
84
98
114
83
130
94
99
101
82
105
114
