72
180
81
81
80
96
85
94
78
57
66
75
57
62
71
84
77
53
58
68
100
84
79
76
86
78
76
73
69
85
99
86
96
85
66
56
51
89
84
66
76
69
100
73
91
63
92
77
75
89
79
96
83
88
88
61
62
60
88
94
54
56
90
54
82
90
95
99
59
78
58
92
97
57
87
68
60
62
73
57
98
62
82
76
90
79
90
97
70
77
84
56
68
67
66
63
95
96
56
86
51
50
89
88
82
87
82
68
77
75
73
80
55
90
63
96
58
51
96
62
64
76
83
78
97
80
99
96
92
59
78
79
65
75
59
81
64
71
61
99
70
63
66
81
87
83
100
51
89
55
86
70
99
56
68
92
71
72
51
62
54
78
87
95
65
71
59
89
71
70
58
78
69
91
75
56
77
53
81
51
92
75
