72
180
126
117
109
54
112
116
122
105
103
100
71
109
63
119
62
98
45
124
102
111
74
95
75
129
107
95
91
81
104
131
108
84
89
129
110
86
146
61
89
142
106
107
129
66
100
71
115
87
123
112
103
96
101
91
142
96
114
92
115
109
89
137
111
89
93
83
93
124
106
87
96
89
74
59
83
121
101
99
86
128
72
105
107
106
69
104
91
73
87
69
109
135
77
78
91
107
80
89
90
98
106
108
115
101
103
84
77
118
100
127
100
92
82
101
113
118
85
169
68
90
114
149
105
85
98
97
116
90
111
106
112
121
105
120
107
96
92
55
74
82
90
133
125
120
79
112
134
88
118
82
115
98
115
91
111
56
99
76
102
30
62
117
81
110
102
91
103
112
131
89
63
76
116
62
104
102
100
104
93
64
