60
180
60
80
148
156
94
69
42
125
79
159
120
128
98
134
102
24
65
89
88
69
58
43
48
39
126
54
12
53
79
60
87
114
143
190
38
93
141
21
105
145
118
214
131
90
92
126
155
85
139
71
59
47
103
46
188
166
107
64
57
26
94
103
128
70
112
81
105
126
60
27
131
123
138
84
19
85
103
1
127
101
112
63
124
141
114
35
175
138
69
41
199
84
1
95
135
71
73
163
9
141
100
119
94
63
106
135
54
127
73
86
171
39
107
79
198
51
32
32
101
138
123
183
98
134
52
185
196
44
112
44
41
80
154
134
151
219
144
126
31
128
153
37
70
6
88
117
131
122
65
92
136
129
94
140
167
133
81
133
112
194
94
118
142
125
122
123
104
203
8
128
151
76
64
174
107
94
52
136
153
117
