90
180
66
86
50
88
80
90
72
64
53
91
79
81
58
52
99
71
54
91
80
68
57
68
54
50
70
84
51
99
66
64
97
59
78
61
96
77
93
70
98
74
82
92
80
78
75
91
98
98
64
89
89
95
94
65
50
94
69
94
72
60
85
50
88
53
75
86
84
80
79
54
73
79
58
81
79
72
80
82
64
78
74
92
66
70
58
68
79
85
80
68
86
98
58
82
92
54
61
74
72
66
86
68
53
70
91
80
69
93
56
61
64
79
99
85
88
91
94
77
83
94
93
81
81
95
72
91
69
93
89
63
82
95
60
92
55
76
61
52
92
84
77
52
59
53
93
78
60
82
97
81
100
86
94
97
59
93
95
53
97
52
78
68
68
67
85
76
70
77
57
73
52
67
78
84
96
54
61
50
91
58
