72
180
337
467
646
583
311
290
344
449
324
359
424
466
533
594
679
519
597
310
602
372
324
213
287
497
682
509
617
370
527
568
296
370
539
224
438
561
214
651
712
698
516
356
423
344
404
600
439
362
285
289
281
558
589
520
688
288
391
407
261
483
242
693
436
672
647
235
678
471
495
444
347
665
500
378
645
371
583
506
237
432
198
507
645
662
293
333
613
233
624
701
345
644
299
184
297
605
557
432
244
544
475
590
670
382
259
616
215
507
423
202
242
717
393
217
378
494
491
564
397
662
255
494
218
348
255
381
701
677
431
532
601
536
637
344
394
437
224
703
253
508
469
552
343
511
224
216
249
702
523
223
412
469
446
238
634
417
451
383
304
487
578
229
592
224
423
186
695
366
370
619
241
628
455
505
499
311
309
262
570
520
