60
180
386
490
575
529
473
422
501
210
321
679
580
641
360
648
316
666
181
696
560
332
531
310
290
560
631
502
434
374
255
646
199
211
477
708
266
439
671
247
600
503
450
498
649
291
441
299
233
371
557
560
191
630
607
197
596
290
325
547
574
580
460
291
183
289
555
639
655
228
712
245
516
259
614
298
339
372
536
208
580
712
391
202
569
557
310
548
289
195
526
197
297
544
588
195
600
598
592
560
585
574
687
264
206
217
545
345
636
297
181
671
511
193
720
524
568
406
558
334
561
314
253
457
188
714
624
699
307
590
434
429
347
355
634
232
706
516
434
361
602
335
354
427
455
690
483
254
297
322
386
365
269
348
374
572
451
705
320
577
422
620
213
220
639
455
620
649
222
609
641
325
345
464
314
340
393
251
515
625
436
662
