72
180
894
840
475
593
685
826
1030
411
520
447
734
579
535
777
368
512
405
602
765
574
540
798
848
927
1154
729
924
893
695
597
893
642
665
1059
531
516
619
511
359
554
551
871
836
434
720
901
708
637
410
657
925
794
589
609
835
759
693
629
693
128
686
726
757
381
451
585
585
1071
961
724
466
571
785
681
351
838
755
895
750
546
663
856
973
1108
577
652
953
1104
739
900
584
903
524
634
1011
972
942
685
860
646
698
568
775
459
672
534
956
973
692
839
623
746
631
685
336
879
479
456
683
859
845
690
607
437
976
938
584
1019
773
494
688
437
672
809
625
687
534
947
650
783
791
678
773
577
780
859
885
808
763
924
865
671
830
761
621
659
790
867
964
1145
734
500
597
862
958
832
687
781
985
680
726
827
989
1083
853
752
778
967
677
744
