80
180
25
76
79
18
55
82
94
72
2
11
100
14
30
60
60
4
3
82
17
25
19
8
16
74
73
58
88
92
31
79
11
97
51
11
1
49
96
88
91
36
78
91
16
8
25
18
18
57
45
98
26
75
41
52
4
39
100
39
75
59
3
82
92
99
37
2
78
86
42
95
37
2
40
75
17
74
93
53
83
86
4
65
54
38
19
33
55
73
93
62
53
79
80
76
18
16
80
7
31
71
30
96
43
11
73
72
59
60
83
96
92
74
78
15
67
26
40
2
94
100
24
25
15
99
12
42
10
6
89
23
48
79
33
12
29
29
13
88
14
39
28
27
40
90
74
32
25
30
25
21
51
33
51
7
70
61
13
57
6
79
12
21
74
96
54
50
80
61
81
43
97
74
51
24
49
71
1
64
70
52
