90
180
582
543
283
691
213
482
602
393
666
586
199
621
481
699
613
443
182
650
372
696
304
344
211
444
672
206
237
491
705
289
492
197
517
334
637
222
680
208
337
601
606
606
614
719
378
186
511
551
702
638
231
516
534
180
292
449
543
322
684
583
596
408
200
206
244
503
466
644
454
628
274
545
482
694
609
228
687
514
674
540
338
624
498
487
404
459
418
604
663
713
489
324
669
647
439
231
416
312
467
181
474
487
246
278
211
545
247
543
598
238
509
236
418
688
562
637
526
250
200
569
595
540
226
314
446
598
393
447
502
445
212
283
189
636
430
340
675
208
388
454
407
509
205
405
286
453
588
569
358
620
242
299
232
652
554
494
291
501
514
348
220
669
490
532
291
363
365
327
324
212
224
635
296
606
184
689
261
282
600
559
