90
180
92
62
26
85
56
43
31
40
4
25
69
41
93
44
94
82
49
66
19
13
88
24
14
71
64
96
84
30
75
25
98
34
93
30
13
6
95
18
77
22
34
88
37
23
12
87
2
60
87
87
27
73
33
51
73
91
32
73
27
45
80
17
69
39
63
50
29
63
14
61
80
50
80
100
46
48
76
94
81
14
78
6
24
11
35
66
92
67
5
23
30
63
34
70
63
38
36
13
9
81
48
50
90
62
92
72
68
87
71
67
61
28
73
33
47
7
81
93
46
77
51
54
77
41
65
19
75
27
8
62
84
8
87
78
54
94
86
51
59
55
86
88
63
22
12
43
74
57
4
52
83
12
31
81
62
12
98
2
19
12
30
37
13
10
26
20
32
10
95
40
53
93
100
23
26
29
61
85
57
48
