72
180
51
83
73
41
33
58
21
67
48
82
52
24
66
56
26
86
70
86
21
57
54
62
20
73
26
75
98
73
49
80
69
54
58
60
86
68
20
54
36
31
22
45
81
82
100
85
91
62
53
69
40
59
40
93
71
39
85
39
25
32
53
51
74
100
98
73
73
54
96
87
44
41
69
24
74
63
82
48
20
98
83
83
44
29
66
91
62
91
73
52
53
59
82
67
61
37
69
49
90
73
53
32
20
54
50
55
68
80
28
59
58
44
46
57
41
35
66
67
52
98
78
41
62
71
94
48
53
28
40
75
65
96
88
97
77
80
73
92
33
92
62
63
58
74
55
22
31
67
40
89
52
97
53
69
78
41
100
44
34
57
22
67
63
65
88
72
73
59
27
25
63
44
28
77
78
42
89
92
45
74
