72
180
31
41
83
51
34
38
51
66
99
99
77
23
88
56
50
86
75
85
32
29
36
50
56
68
88
99
98
87
21
83
75
25
46
90
34
64
47
99
57
54
100
59
27
97
35
71
87
43
33
97
76
55
72
52
72
60
58
79
64
88
62
77
45
87
51
28
28
59
90
91
33
92
53
61
86
20
100
50
66
97
79
66
94
76
39
33
54
22
28
87
30
67
38
95
59
87
48
40
97
33
80
37
69
74
81
83
84
93
41
28
53
47
66
74
86
94
53
53
43
30
71
88
81
34
56
57
85
58
24
29
98
74
59
69
90
41
97
41
44
36
51
88
39
31
54
77
86
40
81
46
96
72
84
95
61
72
55
98
72
92
96
66
84
68
39
61
99
52
29
29
48
95
20
88
65
85
42
48
75
96
