60
180
83
2
1
3
97
33
28
52
45
10
35
16
97
10
3
35
2
86
62
29
70
85
57
34
18
42
85
57
20
98
36
56
7
43
75
94
37
44
3
85
70
74
89
3
76
89
99
6
39
61
42
82
92
36
34
52
85
68
67
64
100
22
98
25
28
80
87
40
62
12
47
32
17
61
98
86
25
14
62
68
81
18
38
2
28
70
59
71
6
52
23
16
79
53
13
55
65
73
60
94
44
46
27
67
90
35
89
99
98
59
50
99
68
72
89
87
28
82
1
53
37
55
19
98
76
18
96
33
52
55
30
36
68
44
3
79
28
62
84
37
28
77
90
43
95
86
49
61
98
26
52
87
98
75
61
10
77
38
18
55
61
77
30
69
70
47
7
32
43
78
13
85
10
98
77
60
90
96
19
5
