60
180
67
58
81
67
52
93
84
60
81
68
72
63
80
77
63
92
78
63
84
84
57
71
63
93
87
60
63
95
82
93
84
59
89
60
56
96
75
84
64
76
97
98
89
60
68
51
50
89
77
97
76
93
65
54
51
97
70
56
74
70
66
78
54
53
97
100
50
75
80
66
73
64
53
73
97
61
96
61
76
92
64
85
91
79
60
73
82
70
59
61
69
93
81
97
62
84
61
97
73
56
55
92
76
62
79
58
79
68
62
83
98
71
54
81
87
100
95
72
97
84
97
64
55
95
67
86
55
56
98
86
80
84
59
70
80
56
58
59
65
61
92
55
65
71
98
84
58
56
90
70
86
85
78
63
53
59
55
62
87
91
59
73
77
54
63
59
75
63
57
61
69
99
63
98
72
66
85
61
81
97
