80
180
90
108
7
103
127
139
127
16
84
97
121
74
99
104
39
65
66
128
166
31
69
59
70
157
144
98
98
143
129
160
63
111
79
110
119
59
84
125
126
90
182
148
59
15
36
163
133
168
3
122
106
79
27
81
99
180
173
104
121
35
127
62
65
25
29
118
44
100
112
122
14
133
199
127
44
102
95
175
10
118
137
31
2
114
71
139
136
83
79
187
14
94
100
103
116
139
108
81
196
94
56
90
129
47
118
87
117
65
85
151
103
107
92
140
120
168
127
199
134
148
106
77
114
73
26
61
163
82
96
46
81
104
100
139
108
72
167
56
151
182
58
102
34
158
127
146
53
54
210
135
102
96
41
139
52
22
117
161
28
103
137
23
110
26
9
107
155
13
153
85
101
89
167
112
64
72
169
212
18
33
