72
180
488
410
658
412
486
340
235
216
434
704
194
716
339
631
188
504
515
197
295
625
621
454
377
363
576
314
331
587
252
205
345
502
190
366
207
701
293
694
214
272
605
520
320
666
267
623
644
421
498
675
350
533
474
249
401
632
709
183
542
465
538
198
231
441
618
559
671
711
396
309
402
394
624
530
513
202
295
467
294
628
366
505
648
353
222
373
416
690
351
321
255
465
406
248
283
684
295
376
690
259
662
430
287
423
649
564
462
354
421
621
224
448
191
641
497
697
720
446
239
698
367
443
603
374
536
597
288
414
273
365
680
579
466
199
495
350
520
521
447
427
672
454
595
658
578
409
317
609
407
327
538
353
276
681
543
357
301
511
691
267
227
485
238
608
324
445
346
552
228
597
273
521
217
197
406
224
381
565
354
417
