80
180
34
88
71
96
32
94
63
57
40
96
68
84
95
36
22
92
40
94
42
93
53
64
78
31
37
93
37
100
23
69
39
40
70
47
53
32
59
41
75
65
36
80
77
75
87
92
91
50
39
82
82
20
55
36
91
46
28
51
25
42
60
56
47
75
55
22
98
59
50
50
37
49
62
43
52
38
21
94
57
70
36
91
36
36
41
32
65
85
89
42
40
63
53
94
67
25
82
27
98
47
68
51
88
37
51
88
87
51
23
26
49
62
57
100
27
87
36
26
39
29
88
58
59
87
45
73
27
78
40
28
42
40
34
94
37
40
40
56
82
47
88
21
24
40
84
99
73
42
70
66
77
56
20
73
73
55
40
64
58
47
60
72
89
35
35
76
72
65
94
78
81
25
73
73
26
39
31
55
74
90
