60
180
985
976
546
674
594
842
627
543
621
1093
695
748
403
545
918
882
831
728
768
682
787
788
899
627
765
935
484
617
682
791
713
1056
303
897
629
601
836
921
689
711
762
723
835
749
770
736
713
839
743
640
678
718
682
566
667
1016
759
370
916
717
704
752
555
716
831
609
814
902
997
748
768
877
761
721
992
829
548
1230
1021
445
488
841
990
731
648
384
638
517
556
796
573
695
637
532
901
755
782
816
934
915
1058
351
488
753
632
603
649
768
616
777
851
764
747
978
943
652
1025
813
574
589
607
705
744
589
579
430
485
841
430
831
708
716
902
784
787
763
349
1105
567
759
636
867
653
839
678
784
533
1000
908
701
642
930
593
564
720
613
701
648
873
771
543
597
791
835
848
738
993
841
589
802
243
706
285
175
593
750
616
621
725
582
