72
180
73
59
99
84
66
71
87
69
77
93
95
78
81
74
51
58
60
92
62
55
83
60
86
53
66
59
81
63
96
59
80
64
78
66
75
91
72
58
79
95
78
96
76
66
68
83
54
83
63
62
62
84
90
65
62
57
65
63
50
82
76
64
88
76
74
60
100
99
99
100
81
89
89
65
83
80
73
85
53
75
79
85
81
57
60
75
83
56
53
77
83
84
96
79
89
100
51
54
63
93
70
92
53
56
72
94
74
51
52
96
55
52
61
91
67
98
75
62
95
74
65
98
74
83
53
61
65
78
99
50
67
53
64
88
91
68
68
57
74
86
79
94
93
90
65
71
79
74
52
55
68
55
95
99
90
62
100
54
55
57
58
64
100
51
57
90
70
96
69
56
66
54
51
99
99
72
54
99
92
56
