90
180
58
68
87
63
78
67
65
63
53
95
62
68
89
78
76
85
77
76
87
100
94
61
71
54
61
70
96
76
94
55
76
69
60
89
86
89
50
90
78
84
90
74
81
74
84
62
97
97
79
77
94
75
53
53
59
71
69
97
85
81
69
88
77
87
93
61
86
80
92
68
66
99
91
64
72
54
76
79
64
77
79
78
56
99
70
80
56
53
68
93
82
67
85
96
61
82
95
79
58
78
55
73
73
67
83
54
88
64
76
51
83
57
52
66
95
69
73
98
62
93
54
89
62
74
67
84
57
52
97
69
78
59
78
94
76
60
65
50
60
77
96
93
68
65
76
56
79
62
88
69
99
57
54
61
55
53
65
99
60
97
56
96
51
86
66
95
53
84
54
50
64
68
92
90
59
85
57
92
51
86
