60
180
129
106
118
36
61
51
43
148
100
123
10
77
100
120
155
45
91
72
43
69
33
80
58
145
91
72
105
126
173
33
116
142
120
114
64
77
130
146
97
48
96
102
168
32
52
172
160
41
80
61
144
102
142
46
93
105
55
149
89
85
152
61
126
163
73
96
146
149
208
151
38
15
98
138
124
49
136
145
164
51
55
116
91
168
107
53
72
93
133
66
9
70
108
65
107
35
46
51
29
87
72
119
172
173
220
58
78
28
40
88
88
51
93
33
78
57
134
95
158
131
60
50
32
76
80
62
149
109
105
10
216
170
108
84
74
83
115
144
97
135
3
101
112
191
71
60
132
125
38
157
86
119
46
108
86
139
111
125
119
115
144
39
151
176
124
107
116
115
118
165
140
99
69
133
106
152
100
185
118
95
