80
180
249
327
667
310
490
444
668
699
401
471
599
333
249
328
285
619
564
710
602
679
451
421
391
538
324
591
227
242
209
588
211
373
409
558
487
355
196
213
613
423
665
283
716
185
452
253
374
498
504
636
600
641
508
352
608
473
225
508
218
610
716
666
437
670
715
301
667
256
309
266
605
391
567
476
633
578
392
716
705
235
375
317
646
466
310
638
541
377
688
273
532
419
716
491
677
713
625
440
266
435
683
574
182
304
650
544
597
483
281
462
473
293
573
284
230
234
513
292
313
318
437
572
197
394
597
231
515
558
224
202
445
403
447
332
540
667
308
538
696
495
282
446
524
314
532
314
295
590
273
382
420
208
661
641
708
238
273
470
281
292
368
693
447
196
515
215
683
623
268
386
294
360
549
192
680
406
709
576
630
292
