80
180
83
71
95
54
92
53
72
67
73
64
91
63
75
66
52
86
87
76
70
74
75
92
53
53
56
92
100
91
58
82
77
69
58
92
56
76
93
68
90
86
64
89
84
93
97
69
70
62
50
62
77
94
85
87
72
61
73
98
87
81
84
54
79
90
61
99
81
77
92
97
78
81
71
84
63
71
61
91
98
100
96
71
96
87
99
85
91
62
59
51
62
92
81
97
95
53
95
89
93
52
55
85
90
74
94
78
71
90
57
55
50
76
73
83
74
80
64
79
98
78
82
80
75
96
91
62
81
87
50
83
65
87
68
80
65
61
79
62
74
74
73
92
72
90
60
60
97
72
84
50
59
79
90
69
94
66
58
83
75
77
100
67
63
92
80
66
87
76
59
100
72
72
79
61
74
52
99
72
61
88
