72
180
401
483
562
228
384
429
278
701
470
349
406
630
220
450
638
670
704
273
393
278
510
401
305
214
571
251
575
268
360
272
619
696
636
238
632
707
538
585
553
501
711
280
264
567
257
675
401
535
505
624
566
416
430
704
303
443
300
421
246
291
197
581
432
369
264
510
235
455
249
507
488
507
584
718
258
323
637
340
452
609
350
355
506
233
374
243
696
323
582
183
249
558
192
660
345
277
697
290
206
699
331
485
476
438
417
361
304
705
685
423
496
595
247
430
606
569
542
683
621
288
563
691
379
284
416
599
684
491
290
591
656
560
405
395
189
646
565
258
689
295
455
223
669
441
450
326
216
236
242
634
205
440
682
580
180
464
599
422
670
493
459
469
609
413
421
307
617
464
568
518
241
588
486
623
656
578
715
433
486
496
