72
180
57
59
69
48
21
81
16
43
51
60
94
6
74
51
75
51
44
24
58
99
5
38
69
18
79
19
4
32
2
89
68
7
23
84
28
100
54
23
32
98
35
89
3
51
44
20
90
7
69
65
14
9
53
81
58
64
78
58
21
2
20
26
1
88
87
30
55
84
24
86
60
36
36
21
70
47
70
5
35
6
37
57
68
46
96
42
12
76
94
35
53
24
24
39
30
80
71
10
37
100
23
27
63
9
79
5
73
52
31
79
27
22
68
10
14
99
28
19
12
94
65
19
75
98
81
42
61
51
64
49
30
7
98
64
55
68
16
11
5
31
84
24
83
57
41
37
35
68
74
61
5
78
71
18
17
10
71
35
21
13
9
22
89
64
62
95
5
5
98
79
26
1
46
92
31
92
52
9
3
60
