90
180
90
85
53
75
84
87
58
60
90
99
55
88
83
94
71
59
71
57
78
82
58
64
57
100
69
59
85
87
73
63
62
59
92
68
58
93
57
51
68
85
61
80
96
99
62
98
57
83
81
64
67
67
52
73
60
98
71
100
55
95
96
63
96
92
81
68
93
75
92
64
98
59
83
53
77
62
57
62
62
81
66
70
74
79
96
50
73
55
70
87
85
78
98
72
68
95
65
73
53
69
89
90
98
62
69
67
56
50
71
82
100
83
97
53
75
77
90
63
100
52
72
95
99
81
56
51
62
74
59
51
54
73
80
84
59
66
61
57
70
63
60
59
55
71
81
74
94
62
71
67
74
95
73
78
52
52
68
92
93
80
71
74
90
93
90
57
76
78
53
61
62
83
51
52
95
52
73
65
77
62
