60
180
608
323
326
547
518
215
444
596
648
203
359
621
402
605
450
580
585
599
501
582
371
700
253
480
328
372
411
311
459
252
602
368
525
199
505
633
268
603
683
474
246
281
211
439
633
669
219
639
259
688
616
223
717
579
623
588
275
634
681
696
707
238
607
608
565
299
598
709
575
427
324
650
343
660
378
686
298
257
665
558
220
435
651
527
386
591
317
386
366
521
629
231
273
660
302
303
292
531
535
358
621
402
552
495
443
607
580
562
367
243
432
443
229
692
513
313
489
494
704
243
312
446
464
214
322
493
686
507
244
683
305
384
569
302
712
232
627
589
631
305
268
543
629
541
469
521
244
587
435
641
526
302
229
653
507
326
441
229
554
362
627
234
543
688
459
577
509
521
365
373
297
330
299
563
272
698
539
276
255
529
