72
180
606
523
213
537
378
377
217
453
525
598
331
282
703
426
252
627
399
407
375
409
511
230
574
246
186
311
200
354
623
212
275
556
475
306
350
374
245
345
377
231
572
349
197
459
653
494
307
310
608
341
435
552
492
334
380
707
692
611
428
512
233
198
525
274
680
430
599
504
353
351
338
311
720
216
633
404
243
692
617
237
679
451
212
239
433
522
340
715
200
684
621
499
517
314
259
696
547
243
610
237
348
675
422
417
671
225
659
474
580
328
561
233
566
194
627
248
618
252
377
455
512
361
513
596
403
191
344
320
521
264
193
315
550
353
559
303
526
335
504
440
682
217
530
561
198
298
254
679
542
468
456
627
304
525
444
670
370
437
655
213
261
269
545
431
394
684
469
341
491
312
433
487
625
386
583
688
284
366
577
526
