72
180
71
56
99
94
85
80
80
94
88
52
90
100
85
64
65
89
86
93
76
77
65
97
61
84
76
50
64
98
100
84
58
86
66
80
89
52
89
60
81
64
71
51
99
93
90
96
74
53
91
99
94
64
73
53
74
55
51
67
75
56
73
95
63
59
60
53
99
56
63
57
55
79
70
93
74
78
64
92
85
83
95
97
55
76
88
56
71
70
86
76
84
52
56
91
66
93
73
53
50
89
65
71
61
75
61
86
65
89
68
53
61
84
78
95
81
80
94
59
76
73
66
67
95
81
53
55
50
57
79
58
60
60
91
87
87
61
72
82
63
54
83
93
85
94
90
90
99
62
97
93
57
85
57
76
73
62
54
79
50
87
98
86
66
77
59
70
84
80
89
97
56
53
75
98
92
89
58
59
88
81
