80
180
84
70
23
62
83
80
78
49
72
31
65
28
51
31
77
82
23
29
82
81
45
28
24
37
48
99
64
52
59
82
64
56
88
37
73
40
36
64
32
85
74
62
96
84
97
33
59
89
93
27
54
96
82
49
98
79
93
66
86
25
75
83
63
41
92
53
67
71
72
34
89
92
84
55
29
85
27
31
85
100
88
98
67
95
74
98
85
57
88
30
55
64
76
65
54
74
65
78
75
95
94
56
84
74
66
59
61
76
70
98
61
21
80
20
42
72
83
21
36
87
27
89
85
44
45
95
73
38
33
46
66
71
26
54
56
41
25
48
65
88
89
47
74
26
44
86
62
67
38
63
62
74
93
23
63
90
86
89
98
41
56
92
91
73
24
43
69
98
53
48
44
53
71
60
91
42
25
44
89
57
