72
180
95
69
97
58
72
53
50
44
42
62
93
30
78
27
87
21
41
42
78
80
88
84
74
81
33
62
53
79
68
53
45
69
57
46
62
39
30
55
49
22
42
28
26
76
85
63
65
32
94
78
39
96
25
92
60
39
59
30
58
41
36
51
97
84
84
22
53
34
58
39
31
21
39
66
58
78
38
40
30
38
21
100
35
69
40
76
31
88
68
97
56
48
44
53
88
42
61
27
36
59
24
55
27
31
24
54
64
37
95
100
74
71
79
20
100
91
92
99
33
93
81
86
36
51
95
98
73
24
26
73
71
45
40
93
62
25
37
48
62
57
66
97
25
62
43
93
100
24
71
43
64
80
58
71
79
40
84
40
82
58
46
45
62
94
38
27
26
24
81
27
55
98
83
90
93
55
47
56
95
91
