60
180
78
85
100
92
23
95
87
96
88
77
59
86
44
31
85
63
28
20
99
85
33
27
60
88
58
47
66
44
76
87
32
66
89
23
74
68
43
27
36
86
26
75
97
91
29
94
69
30
89
28
89
25
21
25
99
31
53
31
28
92
47
69
98
41
28
25
70
63
62
58
62
85
45
91
53
91
83
50
70
59
28
91
66
44
31
41
98
54
33
98
75
71
44
95
21
95
43
66
31
46
80
44
91
90
78
88
77
95
78
40
74
38
68
75
90
38
89
68
64
45
30
60
47
76
35
97
24
93
62
77
48
69
85
46
48
74
36
37
34
88
64
45
65
51
33
26
28
48
74
31
41
67
61
46
57
55
72
40
42
83
44
31
65
72
52
68
60
65
39
100
54
51
75
99
72
100
40
43
85
52
