90
180
74
43
36
72
21
45
93
27
32
84
69
96
28
100
83
24
88
22
82
88
98
94
94
38
23
21
36
100
53
26
94
47
20
60
28
21
86
22
51
48
35
38
80
93
57
49
94
40
97
62
31
78
93
67
35
27
84
58
25
92
64
87
66
61
60
79
95
97
46
60
86
30
53
52
43
66
31
20
24
34
55
22
26
53
97
21
67
83
80
76
63
76
31
59
35
40
85
22
79
57
32
56
38
91
28
90
20
49
53
41
85
60
59
51
71
25
86
83
78
29
20
87
37
66
75
42
48
36
87
26
58
97
77
64
38
79
57
96
24
57
31
74
63
89
66
72
92
30
51
68
78
72
91
30
20
80
63
35
24
22
35
78
73
90
87
72
33
58
92
48
80
93
96
45
68
66
88
91
88
95
