90
180
94
80
86
62
80
68
56
53
62
88
82
78
76
81
77
90
51
51
55
90
76
84
75
79
79
77
100
95
83
71
56
70
64
93
62
74
74
67
76
95
100
93
94
87
58
69
93
82
52
84
68
68
80
59
51
75
55
86
57
80
75
71
95
97
78
53
73
92
65
74
57
72
74
70
60
81
91
72
72
55
95
63
56
62
79
87
92
56
91
84
85
54
63
51
59
83
77
56
64
75
84
79
91
98
57
68
61
70
85
64
71
62
97
51
88
65
52
74
97
99
63
66
54
98
100
62
99
79
64
50
84
72
68
95
97
55
84
90
66
100
64
59
84
77
87
82
97
85
71
72
100
86
59
69
88
74
98
57
91
76
99
88
66
66
94
88
51
89
75
57
84
54
56
57
74
86
77
100
55
61
