80
180
68
62
77
25
35
88
91
48
78
24
97
17
37
87
21
90
79
42
57
90
25
5
18
79
61
62
6
83
41
93
80
56
75
25
60
27
63
32
29
29
97
34
63
31
18
74
63
29
94
86
45
17
85
64
63
90
78
34
6
72
44
61
21
44
14
9
84
16
90
59
75
86
27
33
17
27
79
100
89
42
96
100
73
92
22
73
75
96
47
75
18
40
53
85
81
88
90
60
73
26
100
35
77
49
30
99
45
70
80
84
64
21
16
48
35
84
28
24
90
34
9
58
88
72
35
34
78
73
44
24
41
16
86
44
75
20
26
21
1
41
3
37
77
28
90
31
19
15
73
3
69
81
27
2
77
17
22
98
80
66
83
65
58
92
79
70
14
48
47
51
41
49
37
87
17
98
47
80
82
57
