80
180
138
118
61
76
169
96
88
126
94
39
148
91
18
144
103
98
13
56
134
88
158
88
28
174
61
159
77
107
83
124
151
68
112
94
102
85
92
117
156
122
181
125
130
166
81
99
95
68
121
172
67
106
106
147
76
68
96
182
42
43
131
87
50
47
54
42
86
77
86
88
90
148
96
7
81
105
114
67
128
128
42
128
119
163
145
26
45
31
82
124
141
132
137
69
110
226
47
138
162
150
30
69
60
83
99
85
94
93
69
37
95
124
44
77
49
57
161
119
69
232
53
90
100
71
48
113
73
116
170
173
157
215
43
57
193
127
35
149
33
10
99
82
123
60
12
144
73
115
148
132
49
110
77
73
158
19
92
47
122
18
127
94
91
147
77
77
43
70
35
116
119
67
128
84
145
157
126
117
67
44
