90
180
55
82
61
53
96
98
74
96
58
91
57
94
82
66
85
57
66
84
93
93
97
91
85
58
86
91
84
85
96
99
51
55
63
90
75
53
98
93
62
88
89
91
76
69
69
55
92
66
61
55
95
80
96
63
93
66
50
58
69
93
93
73
98
86
57
70
86
95
54
58
76
81
99
54
81
57
92
69
73
55
100
61
63
65
70
96
90
51
54
87
98
71
85
79
79
92
99
57
79
74
97
74
100
59
71
62
58
56
94
75
53
100
96
59
84
65
78
90
73
88
53
98
82
69
71
98
50
59
66
75
61
71
72
69
61
61
53
52
94
71
83
62
65
60
92
84
77
88
57
64
61
83
59
65
55
75
68
66
96
62
90
55
84
84
64
83
70
50
64
98
96
87
66
51
95
83
62
59
73
69
