80
180
85
84
92
63
78
61
77
60
92
91
88
83
74
55
54
84
76
94
67
82
95
86
75
100
82
63
86
100
86
73
63
92
52
96
72
81
90
89
69
79
90
77
98
88
81
86
61
69
58
72
66
59
57
97
69
87
90
69
82
57
66
52
83
95
80
71
81
53
95
95
76
95
81
50
88
89
70
72
69
69
93
54
67
84
63
87
61
72
73
52
69
60
86
56
59
79
72
72
74
77
84
83
96
56
90
68
85
65
59
66
77
55
61
100
94
61
91
51
54
78
60
96
72
52
65
66
69
73
52
51
70
92
94
98
78
53
56
82
84
98
78
53
88
69
65
84
82
80
99
95
69
80
78
100
71
74
75
99
90
62
86
96
66
97
50
96
72
52
59
78
84
58
60
94
50
66
94
66
70
71
