72
180
14
32
39
72
76
8
64
65
44
79
63
47
42
14
50
86
45
13
39
83
91
98
16
25
90
40
85
75
75
4
3
92
86
48
35
27
1
58
20
92
35
23
8
77
66
90
36
17
23
22
9
87
49
5
72
99
45
97
75
83
47
40
17
99
7
62
42
64
18
78
99
22
85
71
29
49
26
44
6
94
53
24
80
99
14
35
85
38
35
47
61
62
17
67
47
27
90
9
61
55
96
13
66
57
35
74
64
79
27
58
34
40
51
41
16
65
78
42
47
62
1
25
85
20
94
54
78
19
19
70
84
80
87
34
29
88
74
99
14
88
4
1
85
15
61
46
50
82
98
58
89
62
26
72
34
50
10
41
75
55
41
36
1
97
85
37
97
59
47
68
37
23
85
60
42
59
100
5
28
33
