72
180
3
71
92
49
87
77
54
14
54
49
41
96
88
67
90
28
92
22
15
6
47
63
11
17
78
27
72
72
50
62
46
96
47
45
81
4
87
95
83
99
86
30
13
72
93
54
31
9
10
2
9
11
25
46
6
85
98
74
83
5
48
30
95
87
22
55
59
88
80
47
83
24
88
25
47
47
58
73
5
45
48
53
52
51
18
94
94
11
26
64
41
10
5
63
37
83
83
58
78
50
100
5
34
86
86
95
54
29
50
48
83
58
43
26
84
3
29
79
11
10
78
37
6
22
23
81
7
91
9
25
31
14
56
84
74
74
64
57
49
32
60
29
70
1
16
90
73
27
10
2
26
29
93
68
17
17
11
29
13
28
97
87
57
14
60
75
80
13
27
61
72
2
25
8
51
71
52
18
58
64
