90
180
81
30
30
96
77
99
22
95
70
48
68
34
62
35
56
83
52
93
78
64
76
72
59
64
25
22
61
81
60
51
39
55
62
39
62
43
39
69
80
39
81
56
80
32
77
57
100
21
54
64
79
69
84
87
42
70
34
55
51
50
66
48
39
84
32
87
93
35
92
66
69
52
58
54
81
20
55
28
29
35
70
56
30
37
77
75
97
40
80
76
34
62
91
59
28
69
87
69
41
32
63
64
83
40
86
63
38
30
81
76
36
58
39
58
48
29
86
31
50
39
23
72
93
39
100
51
31
77
97
41
75
20
84
89
83
43
91
95
79
80
56
100
20
82
74
92
90
38
37
55
80
28
95
78
68
80
72
43
98
53
79
70
23
56
35
69
25
28
70
97
78
25
75
36
72
75
51
77
25
90
