90
180
606
476
865
164
787
532
1084
733
260
538
620
562
643
449
548
885
866
758
1011
868
594
389
1190
426
973
604
837
736
903
1004
580
824
803
810
908
860
772
644
752
701
460
681
871
707
936
670
300
978
472
429
1182
644
547
616
584
772
922
609
606
655
892
988
533
712
684
1157
878
624
665
698
671
607
445
867
655
746
539
830
955
540
840
509
693
943
774
739
445
673
879
925
755
999
789
851
744
874
593
667
480
848
739
479
616
566
749
820
1107
436
978
509
812
921
762
923
787
1111
659
635
862
503
367
767
708
656
627
630
400
914
683
651
702
1004
1016
546
725
738
765
809
632
666
806
567
708
772
1103
994
457
866
830
458
836
693
907
717
811
681
718
568
654
693
762
675
642
695
778
980
848
481
584
538
573
490
812
750
629
860
781
560
532
639
