90
180
375
610
450
511
474
575
413
509
668
440
494
439
452
463
506
628
646
656
339
351
482
623
459
438
376
635
653
450
208
430
618
584
680
707
410
514
716
590
390
553
696
636
240
372
663
640
393
672
700
298
435
606
675
601
589
349
301
716
643
222
499
716
238
350
645
711
268
531
448
631
185
349
228
682
377
200
545
437
367
521
681
442
219
463
407
194
426
247
376
609
632
406
186
192
618
396
324
596
645
583
396
359
605
239
461
217
272
509
261
249
408
515
353
202
504
441
620
716
694
656
674
533
654
313
610
672
325
585
302
541
299
415
584
469
698
446
637
378
644
297
562
480
515
509
206
285
607
436
628
676
487
596
292
541
303
370
646
268
445
401
604
473
586
366
638
400
220
602
374
699
372
317
339
595
559
198
354
719
512
231
