60
180
91
75
83
51
54
84
65
51
61
97
65
68
70
79
51
53
66
79
86
61
57
54
63
61
55
59
64
59
69
80
52
89
51
95
90
76
61
99
73
67
79
60
60
87
50
51
61
89
71
76
58
50
60
95
100
82
65
94
93
93
85
93
69
59
51
96
66
99
88
79
91
61
63
97
83
65
69
82
68
93
59
90
74
78
89
72
92
97
80
85
80
84
95
97
70
94
58
79
98
93
96
82
78
66
57
68
50
64
62
97
95
65
80
86
64
63
73
91
80
75
59
69
77
81
61
89
70
54
100
85
82
71
68
86
70
52
61
88
59
50
86
80
56
63
66
89
81
89
97
98
70
89
53
87
75
85
61
100
81
84
70
62
95
85
84
89
61
100
100
50
59
76
70
57
56
90
100
53
85
96
