80
180
265
605
494
682
229
720
217
260
343
466
551
719
580
641
446
412
466
579
269
358
638
444
268
488
424
287
389
518
207
654
357
420
281
630
600
590
331
284
211
413
510
314
578
236
225
422
235
454
232
655
258
408
549
587
425
653
700
197
559
255
300
644
567
302
673
499
481
388
330
395
500
377
599
698
349
482
306
230
303
347
394
275
363
522
241
373
236
610
250
298
393
194
215
609
611
413
529
340
718
537
638
442
498
382
338
477
358
215
609
685
338
575
422
684
415
355
412
587
294
653
378
324
452
209
387
230
622
187
677
676
477
691
239
495
301
337
613
508
296
309
662
456
694
253
445
228
256
481
383
221
475
488
644
413
645
680
648
462
262
569
641
316
456
419
658
280
423
447
348
557
386
290
529
230
684
446
571
227
650
501
