80
180
116
118
106
86
123
132
90
104
96
116
108
74
86
114
73
106
121
86
57
45
83
121
90
119
99
120
90
100
126
125
116
133
56
96
108
108
80
136
122
112
101
101
99
122
80
75
109
88
112
66
76
110
95
86
50
111
81
98
99
96
105
109
106
122
74
70
122
72
115
125
69
87
99
126
98
107
97
66
111
127
76
121
104
79
109
114
111
121
130
123
133
91
106
86
98
91
87
116
108
105
101
103
91
104
97
92
76
108
117
78
74
125
75
94
90
142
105
125
68
129
74
99
128
91
109
87
137
71
126
113
69
98
107
127
76
112
99
85
101
75
119
89
128
103
115
102
131
91
116
98
136
103
104
75
130
94
86
76
88
60
110
105
122
87
80
115
50
125
101
108
87
116
89
129
136
103
103
118
84
102
