60
180
16
84
161
63
113
103
6
168
162
69
114
173
92
90
3
122
115
104
63
153
100
84
151
170
110
118
153
147
115
132
92
34
78
22
114
155
133
118
193
86
93
41
33
68
78
179
29
102
80
135
86
135
60
195
80
64
58
148
43
80
150
43
90
28
91
77
156
109
150
134
106
144
85
96
28
81
45
44
5
54
125
89
29
100
76
104
208
146
195
96
143
115
68
86
20
168
78
148
119
45
53
52
148
130
138
77
41
212
63
155
87
77
89
113
100
3
3
66
142
15
73
113
97
43
57
264
142
150
127
62
11
144
116
168
64
164
49
71
79
57
87
115
78
93
240
136
158
107
46
13
63
151
192
99
118
139
208
104
130
42
112
179
167
62
106
70
98
112
60
95
99
89
224
58
87
44
6
119
82
91
