90
180
496
791
972
1071
586
633
544
776
808
816
532
871
695
751
749
513
831
731
659
293
764
661
828
499
709
814
619
558
568
352
1042
731
853
712
938
362
543
726
775
757
865
742
975
729
778
790
837
580
335
594
639
700
728
956
1070
858
542
769
728
923
812
756
768
542
735
745
710
735
337
788
869
523
628
862
923
400
365
973
808
1111
755
742
594
707
679
699
794
1007
586
1030
454
791
650
580
916
727
493
670
656
869
728
709
810
442
851
558
928
627
578
1036
866
476
774
483
1060
746
495
659
673
586
633
721
845
793
969
501
943
435
819
518
844
670
878
453
546
223
739
509
967
845
787
617
912
749
942
665
889
900
650
623
998
507
859
631
868
899
828
819
694
868
596
344
718
686
739
445
657
776
815
565
792
836
950
857
822
1035
710
1076
820
740
