60
180
72
80
79
84
78
71
51
59
64
65
65
66
73
66
78
88
77
68
78
96
70
81
98
88
100
68
80
57
82
73
56
74
51
77
84
91
50
51
55
95
100
89
53
78
98
54
78
100
100
93
55
83
52
51
68
58
80
57
55
50
83
54
50
71
60
66
94
54
74
62
53
73
68
74
97
50
54
57
50
80
50
74
89
56
58
82
68
90
54
60
73
78
99
77
89
98
86
89
93
93
63
85
62
77
91
100
70
83
58
86
80
81
70
89
59
83
60
55
90
82
100
77
90
92
54
63
93
87
79
72
90
63
79
55
70
59
68
84
77
92
85
55
66
86
65
83
70
78
82
99
75
79
83
73
64
93
60
79
71
56
75
75
96
95
72
61
69
72
73
54
67
70
62
83
70
58
92
99
51
65
