90
180
654
670
467
203
217
653
541
587
574
631
637
298
225
523
697
490
661
180
311
193
308
645
363
556
217
329
441
345
467
422
362
581
336
327
457
414
533
233
219
636
278
281
469
447
637
293
530
640
332
478
215
237
620
578
516
668
581
394
371
265
413
704
567
438
391
390
689
560
227
432
415
504
567
424
681
508
633
702
313
624
497
718
339
565
368
230
571
379
616
350
387
708
606
717
584
243
549
600
595
701
657
284
678
531
360
533
670
519
312
370
263
690
618
710
485
512
717
375
521
626
546
617
528
608
416
296
706
461
380
565
685
430
335
572
229
318
243
395
295
651
207
565
232
508
584
205
270
323
423
681
443
365
223
590
631
283
518
223
620
527
664
371
262
605
519
645
705
646
358
347
696
715
311
543
576
339
293
408
216
719
