60
180
51
53
71
1
24
22
16
88
8
53
31
19
68
40
39
42
72
17
46
52
76
26
12
21
48
66
88
62
72
19
57
8
42
98
48
99
72
86
49
90
14
74
41
5
71
52
84
10
79
21
17
86
80
33
2
30
46
46
40
9
47
75
1
29
97
35
50
51
70
57
59
53
37
60
20
64
19
21
80
90
57
69
11
63
64
58
3
2
69
32
53
82
50
53
54
22
39
32
53
76
83
8
88
37
8
33
50
99
28
21
8
20
81
88
94
19
32
54
98
79
58
27
63
76
79
18
21
27
41
8
17
37
29
35
42
46
64
71
36
47
32
64
68
34
11
77
67
39
85
82
30
58
63
12
68
17
22
50
1
44
81
55
66
81
70
16
93
41
15
22
6
84
15
33
8
71
30
62
47
34
