60
180
891
856
941
567
833
353
532
955
576
809
543
248
708
628
689
602
648
689
1089
679
467
692
776
785
682
878
899
778
506
793
861
530
879
686
702
811
610
888
780
619
489
673
501
1019
653
781
682
696
763
632
782
557
486
466
691
809
457
760
1017
947
1014
888
1082
404
606
535
913
821
655
697
991
811
802
691
737
692
536
983
1091
512
715
428
910
770
665
415
596
814
912
818
1022
808
609
909
684
503
480
519
454
1000
676
829
815
741
758
981
1083
1020
761
893
699
895
806
830
358
782
774
589
762
800
554
820
534
899
542
857
794
693
512
778
589
736
556
790
721
928
531
623
1004
693
766
962
597
559
742
803
667
548
645
756
995
561
426
363
643
934
872
711
905
585
716
847
708
999
959
855
849
716
590
1030
651
722
681
484
703
827
805
491
683
801
