80
180
69
100
58
100
73
67
87
82
60
67
90
96
69
83
53
52
82
72
74
89
74
65
96
80
52
66
94
87
73
65
99
79
87
99
72
64
58
93
72
75
52
79
75
55
51
53
90
85
93
56
98
64
52
97
50
86
100
93
58
60
54
57
74
80
50
89
70
57
86
85
63
69
97
70
72
75
73
94
53
75
95
73
92
87
82
89
66
74
66
81
52
67
95
85
75
55
65
54
76
98
66
64
100
68
95
100
71
90
67
64
70
76
92
64
99
97
84
63
65
99
66
93
67
50
88
65
59
66
72
64
73
63
100
68
74
88
99
86
59
76
66
79
92
99
92
64
99
77
77
64
63
73
55
64
67
80
85
73
66
69
84
55
86
68
72
72
93
89
50
83
89
92
59
50
95
65
71
69
95
75
