60
180
1014
531
622
923
758
478
514
848
940
757
978
229
741
565
698
870
751
661
590
613
1039
885
546
744
707
522
743
526
840
899
776
614
526
588
681
599
974
710
951
791
524
854
985
848
962
1008
797
716
1070
484
901
752
498
519
594
429
894
812
1074
403
789
785
862
640
1119
374
656
541
543
815
768
571
552
552
851
701
1023
521
834
453
622
947
577
588
721
722
691
666
749
608
637
799
978
745
559
754
642
433
849
990
702
894
503
1105
697
537
665
629
576
953
554
966
540
466
947
729
803
809
906
857
598
761
463
642
728
672
483
609
837
611
413
595
585
695
538
977
675
638
672
867
574
722
1066
748
655
672
865
669
714
611
1033
802
714
442
507
798
530
918
662
871
829
825
543
976
562
438
877
938
742
587
653
700
870
702
859
834
717
809
655
952
