60
180
101
68
92
106
105
55
81
114
88
87
84
108
75
131
105
93
79
118
112
138
102
109
87
134
131
126
125
76
94
70
82
116
111
82
89
86
88
127
118
109
91
88
76
97
104
100
118
112
96
69
101
132
131
121
81
124
102
103
71
116
116
69
109
105
78
89
57
87
54
60
145
79
78
102
100
80
75
86
95
91
57
82
100
127
130
103
101
122
81
115
56
119
49
95
104
110
99
97
126
100
109
95
79
110
82
142
92
87
129
83
128
70
109
80
89
93
121
117
98
116
44
101
86
136
103
90
85
97
74
112
91
115
121
93
98
116
159
81
92
112
115
98
102
113
69
115
103
101
80
88
109
144
97
122
76
105
99
136
104
144
84
101
131
113
113
89
81
51
129
93
88
66
131
85
97
75
89
88
96
71
