72
180
83
48
27
65
89
79
80
26
44
36
59
40
82
48
65
84
44
81
62
28
33
47
78
62
99
33
83
95
68
59
88
69
20
86
48
74
77
59
69
91
69
45
56
51
50
45
66
60
27
56
72
44
80
47
80
74
47
45
59
46
30
32
68
45
57
50
66
83
88
61
37
67
75
85
55
66
73
60
72
58
35
50
39
60
32
65
72
39
22
75
24
62
38
74
22
80
89
79
41
38
62
33
26
91
98
98
28
54
82
65
41
33
80
37
98
37
90
59
73
85
94
88
51
22
74
41
79
56
62
54
47
41
49
88
27
60
73
37
89
47
42
88
34
65
73
36
65
52
85
86
79
63
76
60
71
41
76
74
92
89
84
25
40
89
36
46
80
26
26
92
81
78
88
25
64
39
57
86
29
48
