72
180
590
437
664
570
218
632
407
692
347
518
594
516
509
643
409
687
555
688
411
646
387
600
287
707
549
568
517
482
477
615
471
557
611
325
392
359
363
719
337
410
192
537
214
561
301
327
428
572
299
290
642
466
651
241
213
273
602
224
568
426
432
425
186
625
570
611
537
576
319
409
487
623
478
210
203
270
488
196
382
184
716
313
712
443
230
666
442
565
427
238
234
560
248
221
227
557
579
560
532
714
382
669
268
439
446
417
290
680
289
606
502
202
691
340
690
657
216
325
282
663
400
250
528
335
399
226
574
194
493
373
490
693
542
288
308
230
717
684
486
575
373
517
640
671
354
597
671
549
196
380
248
475
441
545
318
324
694
384
428
382
348
307
543
603
322
662
431
225
552
326
593
364
629
469
271
512
490
384
201
275
