60
180
741
742
636
509
508
889
637
667
826
654
358
997
825
677
499
912
768
622
556
522
1007
461
511
774
999
788
909
630
703
898
750
611
653
799
536
280
831
641
914
676
532
524
760
496
943
538
1170
668
868
648
621
724
1157
704
791
668
958
524
427
560
414
1028
1031
771
608
867
739
475
425
898
815
795
610
534
423
964
563
514
754
408
737
853
854
885
771
1021
933
654
694
922
395
626
963
421
413
791
1051
534
697
588
591
770
985
421
755
609
735
864
892
1110
634
591
939
728
534
562
976
998
519
637
516
448
878
865
581
658
340
424
491
1053
869
756
519
592
737
661
430
438
882
945
841
739
635
650
656
793
892
392
618
946
547
727
974
491
848
634
773
800
750
770
790
748
629
1017
641
641
449
741
681
903
890
911
623
842
678
836
861
820
742
820
