80
180
110
121
91
109
99
103
102
118
101
133
90
77
107
116
107
70
90
116
77
120
63
87
121
110
126
107
133
118
66
103
95
117
115
70
103
55
118
79
88
98
111
93
121
119
70
115
98
114
59
73
89
116
65
108
93
84
106
93
95
95
139
128
111
97
113
97
97
96
114
111
106
118
97
93
120
93
82
106
96
107
119
98
114
107
92
71
78
119
96
121
115
118
83
106
117
72
92
100
128
70
77
115
116
145
103
92
113
101
108
105
100
106
129
136
115
90
87
94
96
104
66
63
80
108
127
79
139
118
90
155
100
116
106
123
113
120
127
107
88
99
105
100
112
108
62
102
115
117
126
125
126
125
92
103
112
115
75
117
116
94
115
114
140
136
115
92
110
100
86
108
132
90
82
111
102
111
93
67
116
105
