60
180
16
29
66
23
78
57
83
5
13
25
69
32
44
96
21
9
19
55
36
97
63
22
79
28
54
73
91
14
97
61
58
11
8
87
71
95
22
10
40
40
73
93
8
34
97
98
2
52
6
1
52
88
50
40
37
19
84
9
42
79
68
81
67
98
12
20
85
4
62
3
84
77
16
58
91
97
13
73
84
28
67
64
7
75
5
69
62
67
46
23
57
75
46
16
77
91
30
84
90
63
31
66
52
66
89
61
56
83
57
32
82
77
61
6
9
79
99
33
79
4
42
51
85
4
89
74
71
66
59
18
36
61
68
83
11
91
77
57
27
55
42
65
47
58
28
87
35
65
28
8
70
75
38
1
79
4
85
82
58
2
21
85
71
99
99
59
40
2
58
77
56
91
71
12
58
21
87
96
64
73
