72
180
73
66
86
60
85
81
67
64
84
55
67
99
61
76
71
88
66
54
89
78
87
61
83
97
71
94
71
95
73
54
54
64
88
80
79
60
100
90
59
81
99
92
68
52
83
87
96
78
89
60
68
94
78
85
100
81
89
92
69
79
58
74
69
92
100
67
90
83
57
84
90
79
60
73
58
50
67
68
82
58
57
62
82
68
61
51
69
63
92
90
59
97
69
67
70
80
92
99
52
95
52
93
65
70
100
57
94
68
69
82
86
86
60
62
97
82
55
61
85
57
61
60
79
63
56
70
50
60
54
93
97
77
55
91
56
51
74
62
67
76
96
70
58
61
96
62
51
65
92
71
72
68
61
93
85
58
99
59
75
63
50
96
84
94
62
97
86
96
80
84
93
69
98
92
67
83
79
94
82
71
