80
180
27
128
155
115
59
77
162
151
116
62
104
66
5
53
207
90
218
97
65
16
22
85
59
71
140
90
120
103
25
160
105
104
105
50
76
63
176
54
110
147
117
86
43
105
69
115
149
37
150
148
173
107
119
72
150
124
99
74
98
75
92
140
85
97
137
75
109
141
25
177
140
123
107
81
32
35
78
8
101
89
93
24
47
199
46
86
110
81
89
124
155
126
111
73
73
45
79
59
49
114
167
88
154
109
216
167
78
44
76
220
99
95
125
84
67
152
169
58
165
44
70
67
88
128
141
152
82
47
105
86
77
136
66
29
162
13
90
119
126
123
188
70
121
155
124
112
149
98
194
83
155
40
143
175
79
5
131
156
183
223
121
198
123
69
143
112
86
92
107
157
13
79
124
159
166
71
104
71
112
5
