90
180
96
69
68
70
55
24
64
74
29
45
28
64
43
94
86
74
47
49
39
96
73
92
43
36
97
95
90
84
64
22
83
56
76
48
78
87
68
89
41
26
90
82
31
29
84
35
23
23
28
74
63
57
35
90
64
37
85
29
44
98
30
98
83
69
73
85
100
25
84
77
35
59
30
65
75
86
48
21
83
95
83
75
98
58
81
46
56
54
98
60
32
50
90
73
53
32
54
37
65
97
36
33
62
46
61
84
65
23
100
22
58
34
51
71
22
68
80
91
65
65
45
25
52
25
20
98
44
43
61
85
33
89
57
87
82
21
32
34
32
38
65
92
83
35
84
91
99
27
100
67
47
81
40
53
30
57
45
86
88
53
81
90
46
29
81
93
39
80
31
33
93
38
44
28
40
84
48
51
36
72
