72
180
88
85
82
135
152
95
128
125
88
100
112
103
115
85
112
92
84
115
80
127
74
78
90
60
77
110
74
99
120
132
97
99
129
136
102
116
101
122
111
90
92
59
107
109
89
62
109
111
92
96
95
103
137
97
68
107
104
134
97
92
90
92
100
107
106
85
85
87
118
120
83
86
63
126
92
106
96
55
52
132
80
115
103
117
101
48
111
84
80
155
123
72
104
126
99
102
99
95
141
92
93
102
126
74
101
103
90
130
88
108
123
108
105
82
91
100
101
115
85
90
117
111
119
118
105
160
76
86
111
87
105
122
109
96
75
128
108
86
101
119
77
56
72
77
106
96
93
68
136
115
101
135
114
66
80
99
91
95
71
119
61
127
88
59
83
111
74
112
92
66
94
83
97
126
130
96
93
114
95
119
