80
180
136
124
117
98
143
91
107
107
84
99
125
92
105
99
122
98
125
95
94
115
78
73
103
112
86
93
100
107
79
104
85
101
113
89
84
127
71
90
78
97
83
106
106
95
99
125
77
100
119
107
83
96
105
109
96
97
144
101
114
100
103
97
104
141
68
98
110
110
62
87
71
101
134
67
116
95
125
132
73
99
81
119
83
96
123
121
122
125
118
73
150
93
76
80
92
120
95
92
95
112
83
85
121
98
116
100
65
87
101
90
92
91
77
65
91
75
129
97
94
86
100
112
97
77
72
88
97
139
105
111
84
144
90
107
112
94
100
97
139
102
100
111
103
98
70
114
92
97
50
114
127
91
93
105
118
89
112
101
110
83
127
119
136
114
102
99
88
93
100
132
85
100
147
108
104
106
100
112
100
102
