90
180
59
73
65
80
52
51
53
76
71
54
91
51
100
57
61
63
76
84
80
69
96
78
68
54
50
72
81
71
90
85
81
88
92
56
98
53
91
67
70
88
82
58
66
85
68
54
80
70
71
69
94
82
56
97
77
94
56
86
87
62
64
74
63
59
66
66
85
98
81
84
89
53
62
84
86
78
57
84
93
59
77
96
81
78
53
74
67
70
51
90
85
69
78
86
79
58
59
97
57
90
71
84
99
71
50
69
99
79
52
74
90
65
51
62
64
78
55
64
50
91
88
59
72
98
74
98
89
56
87
52
50
65
57
62
56
98
68
50
80
65
60
71
66
70
50
70
75
56
60
62
68
69
81
93
89
82
79
53
51
96
86
67
97
64
95
58
88
56
89
55
96
70
93
73
55
65
58
62
63
67
