60
180
366
250
205
332
390
240
212
196
629
603
652
594
251
301
365
278
317
472
395
546
457
533
514
490
313
250
442
225
408
318
329
547
524
317
548
205
531
573
572
504
482
236
588
361
509
312
679
620
195
608
476
486
629
213
275
718
685
359
653
186
363
432
619
521
241
567
510
508
700
562
590
661
580
653
597
560
633
498
271
483
184
258
682
641
536
221
417
303
449
260
701
684
571
359
616
652
290
711
488
640
675
275
585
436
646
531
241
644
258
245
421
277
382
500
272
515
372
358
468
712
648
432
649
404
709
216
707
203
697
279
285
464
434
418
300
295
261
330
627
685
573
642
528
617
290
235
191
421
202
482
366
517
428
683
598
718
297
627
684
562
423
325
617
682
277
660
617
367
494
598
526
199
686
465
541
502
631
536
256
562
