90
180
126
163
90
103
65
82
157
90
140
170
138
183
67
120
84
107
102
124
114
52
62
104
159
63
145
148
59
144
93
102
194
123
97
92
97
164
76
99
119
134
212
148
46
147
204
57
81
43
151
45
14
129
33
76
93
46
180
149
86
65
45
47
214
97
70
84
150
5
142
5
222
56
200
89
60
144
49
155
121
72
161
6
99
59
36
148
137
40
146
20
47
21
165
124
136
139
134
150
157
36
150
120
31
85
179
60
56
145
113
155
160
43
180
69
106
48
45
132
85
109
71
145
214
30
81
88
134
86
129
206
52
158
84
29
62
49
103
140
88
39
98
87
20
133
52
124
114
42
169
129
151
141
84
75
64
165
63
107
103
55
145
25
69
76
133
128
104
102
131
199
72
86
66
175
104
135
134
145
163
68
