80
180
95
87
153
114
103
123
124
109
77
78
88
128
65
95
106
68
88
86
121
56
89
85
60
93
148
136
125
81
101
110
104
58
93
70
80
110
100
121
67
93
96
86
75
135
65
116
101
104
94
85
112
113
117
70
88
89
99
110
143
97
117
92
51
129
97
67
125
103
100
128
119
88
137
79
92
91
62
75
115
89
74
122
74
136
77
110
111
99
107
104
100
112
124
128
117
68
91
90
133
130
99
85
86
79
81
114
75
102
113
87
99
114
145
120
88
119
109
131
52
68
100
95
130
114
122
135
105
113
78
85
113
76
106
115
94
167
132
78
78
103
117
46
150
116
128
75
77
93
70
86
102
111
106
83
92
114
68
130
76
94
115
86
57
73
119
115
89
130
116
94
99
93
93
79
88
124
109
98
115
105
