60
180
340
959
666
650
766
570
770
722
861
684
615
784
552
803
862
802
543
718
974
827
677
544
1032
767
767
735
338
760
788
878
924
734
917
653
615
625
742
900
1174
948
596
606
775
582
1005
666
525
297
721
547
889
999
101
1060
636
403
1141
793
553
839
686
820
853
729
781
598
592
1026
958
496
844
912
316
600
737
520
680
410
693
441
1063
964
773
782
527
836
143
1009
752
1014
722
898
745
551
681
686
727
513
682
737
978
823
536
918
911
622
623
1056
955
937
658
765
760
475
905
795
434
587
678
840
705
838
321
828
932
942
1129
853
885
820
528
901
660
850
899
734
884
987
810
677
677
727
550
774
757
770
697
774
277
1060
542
641
509
786
995
843
571
832
768
898
727
732
735
638
827
833
691
1043
994
646
838
750
757
780
966
442
342
699
618
941
