72
180
1001
662
823
822
608
710
403
816
710
920
827
402
1035
752
518
972
837
882
955
1010
575
815
785
1210
1009
1048
571
590
683
759
1045
796
807
595
520
526
394
733
866
536
917
700
867
486
635
580
976
919
758
955
805
819
578
872
672
388
717
849
253
651
939
473
903
615
560
683
623
718
931
801
660
676
1050
932
595
639
1001
710
916
610
757
931
624
597
817
702
794
760
827
561
916
661
570
619
976
971
666
486
827
781
954
639
607
951
827
519
696
568
543
784
704
626
868
678
687
850
813
221
599
785
490
1249
709
528
763
615
841
863
453
668
716
673
465
1123
905
444
618
719
656
957
471
756
772
316
753
746
898
691
752
779
626
809
822
1142
583
275
433
590
855
831
846
905
957
466
618
610
646
919
880
944
636
727
552
732
643
798
523
666
541
428
