80
180
93
133
73
114
117
79
115
84
96
96
80
111
117
102
83
105
105
90
85
127
103
154
133
99
104
83
127
144
86
89
76
117
90
83
106
110
102
61
82
81
105
127
99
125
98
75
105
112
134
119
76
93
111
113
102
78
88
80
70
110
111
93
102
98
91
101
132
83
91
99
106
82
96
117
90
81
95
72
104
113
103
119
90
119
70
106
108
77
106
112
87
110
127
74
88
96
124
56
116
101
100
106
96
94
121
87
142
117
80
57
87
104
109
100
59
111
86
114
87
112
106
131
100
89
110
96
121
83
93
99
101
89
69
93
74
95
98
106
90
134
80
116
85
114
108
105
146
53
90
118
115
97
119
119
81
75
138
98
112
154
116
102
92
114
100
86
52
104
122
111
100
63
138
94
103
124
116
85
53
87
