72
180
810
583
538
531
692
763
659
301
981
827
592
447
733
721
790
327
1024
512
524
567
944
902
676
701
1002
1017
754
785
458
855
624
667
559
922
573
717
386
650
765
751
627
960
607
737
634
855
626
450
619
562
925
1055
436
968
768
439
560
691
482
660
734
741
829
622
554
697
1046
765
1047
622
663
356
855
669
585
772
828
909
360
936
801
667
777
351
915
834
745
767
592
738
459
638
673
776
753
726
266
973
761
750
618
490
722
453
622
804
782
537
672
846
843
566
791
892
625
890
790
819
893
610
653
603
286
797
535
638
457
590
743
526
640
617
737
466
727
891
682
734
660
411
164
1002
607
484
779
758
949
511
604
900
751
800
806
656
394
484
901
1009
444
680
680
565
749
786
707
724
809
686
373
684
860
864
884
944
899
995
657
570
542
666
