72
180
51
49
37
85
54
60
20
22
64
36
21
30
33
32
88
75
63
46
33
31
58
46
89
69
67
100
28
79
67
54
74
87
41
35
63
20
81
20
97
55
28
89
70
65
82
44
63
79
68
20
49
93
67
87
83
53
75
65
67
52
44
72
55
100
80
34
63
27
66
38
20
73
40
89
67
79
63
85
90
77
86
58
90
53
56
22
41
66
48
65
81
88
78
77
100
22
28
94
20
72
87
69
41
72
55
31
64
65
60
38
20
97
60
86
53
41
47
65
99
23
24
25
30
35
80
90
33
95
97
83
59
23
59
33
72
74
24
52
97
55
25
81
68
49
68
35
60
75
68
67
27
70
72
34
91
37
57
28
63
23
82
75
56
75
41
59
40
51
54
35
30
30
53
54
27
65
76
82
93
58
