80
180
67
81
77
59
81
94
52
86
57
72
99
88
84
72
79
60
58
90
100
81
76
65
61
98
60
84
93
94
97
92
74
70
84
81
67
78
96
71
64
56
70
57
87
85
91
52
64
74
67
89
78
94
84
100
100
77
68
60
98
65
83
73
95
74
51
59
82
79
72
95
89
82
51
56
92
64
66
63
60
51
86
50
81
79
94
66
96
93
80
58
65
67
55
89
70
89
98
71
53
71
67
74
67
50
66
73
90
87
81
85
74
92
77
52
98
71
59
60
91
56
62
87
96
55
64
54
68
75
67
70
62
83
90
73
70
57
94
81
92
82
87
64
63
59
87
75
62
76
65
53
52
82
85
85
100
51
68
97
85
71
100
84
57
52
67
70
92
72
59
96
78
93
81
69
93
59
70
52
78
85
