60
180
107
98
97
4
65
149
77
7
176
53
1
87
28
76
160
36
131
180
51
156
120
183
144
40
209
75
121
100
132
70
81
107
58
60
42
65
15
137
149
195
81
66
87
90
137
19
115
150
116
139
8
146
103
74
100
76
92
118
143
183
57
78
116
48
185
57
105
26
28
131
170
197
191
28
126
131
97
46
75
112
141
128
129
134
134
126
164
90
49
138
90
58
78
162
104
126
75
104
124
56
56
99
77
50
93
145
64
107
174
219
60
115
34
170
122
65
57
97
110
196
76
92
126
17
69
112
77
132
216
27
180
51
124
60
71
110
160
101
32
125
136
57
101
198
102
94
79
186
51
21
110
124
92
197
125
102
115
169
113
114
100
46
138
65
87
99
53
82
150
109
74
139
111
199
158
51
52
151
79
169
