72
180
64
96
104
83
98
79
107
79
109
110
105
115
63
83
109
89
122
92
114
99
103
122
96
124
87
121
106
95
79
135
108
84
100
94
89
69
102
134
155
106
73
100
86
78
112
112
155
87
92
140
71
104
124
96
114
75
110
116
107
91
57
106
115
118
68
101
68
104
88
77
107
87
106
125
82
85
78
88
82
89
124
107
133
76
106
92
95
88
121
84
81
86
93
62
102
94
99
128
101
111
76
79
103
91
59
125
88
95
85
126
84
120
106
84
151
73
107
95
95
116
49
87
102
115
112
89
101
124
106
111
84
83
106
99
101
127
94
95
88
67
92
107
84
65
96
109
89
85
82
103
88
89
113
95
82
111
98
118
97
76
113
88
102
69
95
89
71
86
109
87
140
94
116
54
99
123
72
128
102
95
