80
180
188
169
94
116
126
147
72
107
70
225
103
154
113
114
56
131
58
187
92
94
51
83
78
135
61
141
137
90
119
153
169
92
111
135
154
99
126
68
117
152
143
169
95
127
67
54
150
103
22
73
40
97
64
47
135
27
95
102
64
88
49
107
88
233
85
132
207
13
104
160
92
87
127
60
84
94
139
46
15
171
89
45
90
130
121
42
149
133
217
87
33
281
65
82
143
98
159
115
117
138
167
167
87
184
194
80
82
219
32
127
87
14
155
84
102
142
115
86
134
136
4
44
139
91
115
74
116
6
174
92
142
78
109
112
64
50
52
68
172
93
137
122
208
176
117
185
66
174
106
132
24
104
35
167
136
142
87
53
108
130
118
73
107
103
30
88
141
135
68
80
155
92
119
38
160
149
42
139
101
85
