60
180
118
106
125
127
76
88
106
75
96
81
121
90
89
110
72
75
141
88
129
123
97
104
89
121
114
62
93
70
88
101
103
121
115
102
91
108
109
92
118
87
84
81
57
86
114
107
88
76
78
89
98
106
112
105
72
82
126
71
103
72
105
121
85
82
112
106
103
152
76
72
106
129
104
108
78
94
110
129
77
93
85
130
106
122
94
93
96
107
103
103
108
110
132
100
107
118
114
105
104
89
84
107
112
94
125
85
91
106
127
96
89
107
102
80
81
105
116
69
118
106
113
104
77
110
114
120
85
76
113
85
67
84
102
127
116
62
102
138
82
82
68
89
139
106
95
98
77
77
114
80
100
95
109
54
103
67
141
111
141
64
114
105
139
111
97
126
75
120
84
109
113
103
88
82
100
77
132
97
119
85
