60
180
101
90
71
138
26
64
86
31
87
72
39
29
196
189
133
34
164
97
67
150
155
132
114
163
144
59
164
242
74
121
172
155
118
118
211
112
192
88
207
121
112
183
105
169
192
99
74
85
109
142
129
123
135
51
122
42
57
109
36
81
56
112
171
109
47
195
147
125
126
47
73
206
69
49
39
154
97
100
111
103
132
110
141
133
38
185
145
2
141
113
149
35
88
32
134
121
46
123
106
81
133
164
93
115
63
82
122
135
83
75
105
33
108
142
161
100
76
73
161
124
93
49
206
179
170
122
74
140
56
82
142
118
94
86
222
86
128
57
42
125
114
97
72
41
126
220
85
75
154
115
93
98
73
103
111
168
107
54
34
24
60
151
130
121
147
67
187
105
140
116
103
9
104
91
114
128
150
106
97
130
