90
180
66
51
96
54
30
71
40
32
40
81
89
28
74
81
33
91
33
90
84
43
65
94
70
88
32
33
69
83
40
70
54
69
83
76
46
21
46
43
30
80
76
71
30
39
96
85
62
98
43
87
86
57
48
78
76
31
23
21
56
79
51
63
45
49
49
61
87
67
85
99
56
37
100
49
27
84
100
46
48
23
59
34
37
76
94
28
54
70
26
85
76
83
74
71
83
56
60
89
95
46
50
46
43
95
100
92
93
68
37
64
27
27
35
75
59
67
93
85
66
75
23
20
30
56
40
79
80
54
100
50
37
70
36
82
46
38
56
57
65
88
87
85
74
89
87
47
84
37
27
66
87
65
21
82
46
48
42
21
84
38
95
73
53
56
89
99
21
73
97
32
29
90
72
49
50
20
42
84
87
83
