72
180
135
86
103
108
81
86
137
106
126
109
113
127
112
97
83
122
67
74
125
99
100
89
106
97
107
119
91
86
72
89
116
120
134
84
113
94
84
89
125
87
84
101
98
124
65
75
97
105
92
47
100
72
116
117
115
111
129
77
95
82
72
100
79
88
76
97
82
95
58
97
82
96
106
79
129
125
93
83
96
115
66
118
85
112
122
88
54
53
84
96
112
123
122
81
92
140
122
67
145
108
99
107
79
80
92
69
103
113
69
109
77
71
90
124
106
108
93
82
111
93
93
123
80
63
95
79
104
72
82
117
81
120
110
86
85
142
91
125
70
113
119
113
119
88
85
96
125
94
118
104
63
127
123
110
112
105
96
75
86
117
84
91
106
77
113
123
112
86
102
97
116
86
89
124
93
125
85
77
97
109
