72
180
82
85
96
84
89
54
73
53
50
89
100
97
58
88
63
100
55
74
100
74
94
51
72
98
59
98
71
53
85
74
93
90
60
78
57
74
62
100
82
93
82
91
69
77
50
58
97
67
80
89
55
51
93
95
50
65
72
97
99
64
78
55
62
83
67
89
89
58
74
50
59
96
58
97
52
55
83
68
60
57
72
57
66
87
81
60
90
62
71
52
76
84
76
83
82
88
67
84
79
91
85
63
63
58
87
58
70
59
50
66
82
92
85
91
89
63
55
68
78
99
61
68
96
58
88
68
85
79
75
73
68
69
52
72
71
98
62
56
76
66
91
85
92
63
70
61
100
54
97
98
79
72
60
77
96
80
75
69
59
64
75
53
68
66
79
97
95
63
98
100
66
90
81
84
97
62
53
77
68
75
