80
180
15
189
86
201
86
43
70
130
93
57
71
65
119
96
129
71
92
104
96
113
40
192
106
89
59
88
129
194
121
169
95
52
132
78
39
27
181
125
44
177
164
103
32
21
177
91
51
95
127
89
45
42
71
100
222
160
26
85
143
135
69
159
230
97
221
125
83
155
95
122
9
92
197
95
45
111
159
56
130
55
154
194
127
88
100
93
76
94
106
125
145
84
137
32
54
110
100
145
35
86
238
273
93
104
143
54
30
117
106
63
130
134
103
183
59
166
19
138
188
12
36
144
98
173
80
124
179
184
125
190
124
137
102
93
50
69
139
72
150
10
132
141
188
58
130
129
111
18
160
74
94
126
148
164
15
97
79
110
131
96
179
95
184
6
115
106
59
53
157
105
145
195
140
163
131
159
132
157
49
94
