90
180
131
88
127
79
61
122
99
96
120
64
87
85
98
115
93
142
85
109
91
119
119
87
125
91
149
107
104
92
66
104
76
137
61
141
94
119
65
100
117
61
84
130
72
61
85
131
108
77
110
93
74
100
115
117
109
65
127
88
98
98
103
94
116
109
68
98
89
122
133
123
112
98
108
121
144
106
82
95
116
111
120
138
113
105
55
106
123
97
93
137
122
103
121
101
101
110
98
134
85
72
107
108
81
102
49
107
120
130
79
108
90
82
67
107
93
111
112
111
97
117
85
98
112
126
113
86
93
112
95
97
73
110
97
119
118
109
78
86
93
85
79
97
100
99
89
131
91
92
117
71
126
129
97
134
76
116
97
104
99
100
112
95
107
107
144
119
58
104
87
73
78
140
108
126
101
122
98
69
93
122
