80
180
47
30
60
21
65
57
71
86
74
70
88
99
98
90
33
27
97
72
47
31
35
38
22
96
54
69
98
48
22
95
56
53
50
94
43
46
54
34
22
88
99
62
46
91
60
36
90
28
25
55
60
56
74
92
21
43
28
57
27
39
32
85
42
91
69
91
36
71
80
81
43
77
80
91
88
90
25
97
43
73
54
97
42
92
85
75
57
34
42
62
64
100
56
66
49
65
68
69
60
65
29
84
35
56
37
98
89
77
94
37
54
59
20
22
93
20
33
53
83
36
41
37
95
82
23
80
62
58
29
65
88
82
33
97
86
23
52
72
31
77
28
81
89
21
41
27
23
71
29
84
71
59
29
64
60
39
62
47
97
83
32
42
23
84
69
93
41
81
74
36
98
63
76
34
59
71
55
40
66
79
