72
180
772
901
413
836
767
685
690
885
577
853
523
416
653
684
519
600
712
610
626
749
637
558
556
720
648
784
622
596
731
999
710
1120
746
715
583
682
613
809
1011
909
614
940
623
949
1018
625
963
879
636
745
561
783
734
803
572
843
1065
849
833
564
889
770
653
780
559
441
809
792
969
923
581
823
561
737
869
852
708
648
1029
703
576
472
552
474
487
741
436
809
831
527
737
705
661
840
845
883
831
536
817
730
1147
431
755
656
786
794
840
559
828
1117
828
758
985
542
816
653
635
750
535
1096
677
900
304
529
757
776
554
1085
977
566
544
381
852
726
774
613
602
448
659
820
713
784
841
494
818
504
663
627
879
552
479
567
1179
462
800
960
728
782
833
936
826
836
843
467
517
604
774
597
956
463
760
626
618
574
762
798
631
896
585
695
