80
180
99
81
109
76
92
62
94
98
113
109
105
90
92
128
111
109
99
109
109
106
93
127
112
97
94
107
85
117
127
97
101
118
130
119
97
89
99
121
104
76
122
58
87
94
76
150
84
91
99
86
105
134
96
116
81
123
77
132
116
104
91
102
68
110
87
79
105
108
82
117
114
97
110
118
95
96
87
116
122
105
113
128
79
93
87
117
119
67
82
106
106
111
81
90
105
131
101
83
77
89
104
84
90
146
112
114
140
77
105
122
121
113
109
126
99
99
107
94
87
117
92
132
122
109
96
124
115
112
101
96
89
112
105
145
107
61
66
83
74
106
83
81
105
112
97
100
84
129
114
124
100
91
120
57
114
86
118
77
64
75
81
106
123
113
106
110
141
101
122
92
117
97
87
124
100
113
98
112
136
109
