80
180
332
656
592
246
498
499
569
340
428
184
507
384
342
403
227
567
283
559
469
369
354
466
376
325
427
491
645
598
627
460
493
648
664
411
455
610
589
274
537
276
609
238
696
498
636
536
455
264
422
536
293
594
371
492
680
284
672
543
595
247
276
578
293
570
327
342
478
608
623
473
701
224
511
532
505
656
269
617
368
433
183
415
353
298
225
578
491
616
609
552
329
411
249
359
474
478
648
426
669
572
459
624
400
267
238
563
598
686
476
181
589
275
402
599
709
511
440
451
680
485
570
376
626
316
352
648
522
338
718
432
591
284
526
456
273
355
384
715
595
494
200
327
256
545
224
476
376
352
661
663
510
428
457
535
324
493
521
678
319
413
631
222
201
621
338
331
639
248
200
668
583
414
546
303
612
265
621
491
566
465
