90
180
23
30
89
50
31
96
88
80
80
66
65
34
38
94
32
69
85
48
99
38
85
95
72
60
83
46
41
21
40
51
76
95
91
73
84
32
89
34
96
26
22
25
77
62
82
26
62
80
53
32
48
47
71
31
55
61
84
75
25
65
93
87
58
38
20
60
37
73
83
55
32
76
45
29
42
71
63
67
39
69
96
93
95
64
29
30
20
47
39
24
79
58
73
52
69
20
59
55
80
76
51
25
59
26
65
68
98
50
91
86
40
51
89
47
20
35
36
97
53
20
61
77
50
79
43
71
83
32
60
94
76
51
52
31
89
93
84
40
53
34
33
39
87
37
87
96
96
50
64
25
22
36
77
91
45
53
77
61
95
48
38
67
97
83
55
28
56
57
51
42
77
72
61
51
24
48
71
72
41
35
