60
180
94
71
116
103
105
80
116
131
119
96
113
65
112
133
121
116
91
86
75
94
100
119
81
113
125
96
89
134
82
104
74
78
62
97
82
119
146
79
76
120
95
135
52
68
105
94
81
102
92
113
108
89
81
97
86
89
129
79
59
88
79
86
118
114
126
81
148
89
79
78
118
123
99
115
94
124
98
102
87
89
76
84
117
112
107
94
63
93
112
123
97
109
100
120
131
116
107
111
74
106
98
83
93
91
87
125
108
116
105
109
108
105
125
122
115
106
108
95
94
85
83
88
122
97
69
121
101
128
126
74
101
93
82
128
113
102
73
142
146
57
134
125
60
100
106
122
117
133
78
127
141
114
110
74
79
97
97
91
111
103
138
88
97
84
56
120
123
110
99
92
107
92
67
111
90
80
102
123
114
109
