80
180
617
403
493
380
213
348
421
287
485
507
266
700
529
181
479
449
645
455
191
648
223
455
325
448
317
643
388
545
460
687
202
509
560
547
196
279
703
528
485
697
502
353
478
564
663
428
705
600
224
456
320
195
280
714
626
486
350
322
241
533
385
184
468
331
359
460
425
397
573
242
232
356
300
475
567
436
335
274
650
222
566
255
262
474
328
698
208
447
485
514
309
353
234
488
530
270
450
268
462
624
282
397
239
370
434
284
391
590
339
619
381
459
275
643
476
574
614
321
509
510
395
226
536
551
290
636
610
562
552
256
609
541
321
531
256
702
543
184
300
421
609
713
240
464
659
267
392
550
197
544
529
504
514
677
663
303
543
588
637
550
719
381
276
243
539
462
254
371
451
194
648
290
562
262
345
473
295
196
473
265
