60
180
37
30
60
39
77
17
71
79
13
14
81
58
80
75
34
78
86
88
85
71
16
14
19
82
57
69
37
51
4
89
35
92
63
33
30
9
26
51
68
71
1
20
100
40
81
64
12
41
1
31
73
63
51
3
64
66
41
82
38
89
74
39
59
69
20
89
75
50
70
41
97
75
73
80
83
34
67
3
2
79
3
96
4
77
50
37
84
22
4
86
11
85
25
57
75
59
17
7
57
63
18
60
78
53
98
97
58
1
30
48
62
66
97
74
60
95
45
34
91
87
27
65
39
18
75
48
64
46
19
47
1
43
78
15
31
23
71
23
1
26
61
24
1
16
34
6
33
9
88
39
80
99
20
23
8
48
50
52
45
99
11
98
38
83
74
71
15
13
72
37
93
17
86
80
88
92
36
58
38
50
