90
180
38
165
94
115
106
99
63
138
146
97
127
190
147
130
60
48
93
132
159
146
217
58
84
116
137
52
104
106
106
130
67
136
96
121
134
81
124
104
60
76
31
109
131
93
18
76
84
153
76
131
167
31
145
102
126
54
91
116
61
72
137
132
179
66
105
144
163
88
22
73
184
33
220
121
234
95
21
117
61
162
26
100
76
98
75
58
132
66
92
92
22
117
131
2
134
66
106
25
120
105
50
121
72
76
1
28
34
22
120
120
78
96
111
91
58
115
3
47
70
60
167
112
103
79
74
86
53
53
90
91
23
92
70
16
41
229
180
43
132
117
46
79
91
89
92
145
126
85
169
215
42
105
174
129
131
39
54
152
121
114
108
188
54
73
25
92
84
144
85
108
137
84
66
111
96
79
122
144
117
100
