90
180
138
89
94
106
114
82
83
103
93
115
85
119
112
126
73
120
104
92
121
131
55
112
135
87
88
105
92
102
120
78
105
76
100
131
111
116
123
123
103
101
121
88
115
93
76
93
99
97
121
119
85
107
93
100
96
93
96
72
115
81
100
98
99
84
109
85
105
110
93
104
80
104
96
130
78
62
96
98
67
89
151
90
93
89
119
86
90
116
103
124
129
113
123
113
121
125
95
107
67
109
78
86
86
81
130
107
68
122
112
85
82
93
113
112
80
89
91
104
124
115
132
106
130
83
110
101
68
92
114
71
107
76
105
102
62
132
69
135
135
134
98
86
129
69
113
106
86
118
124
120
112
63
122
121
134
95
108
87
72
96
80
116
111
87
91
137
88
130
117
100
95
97
118
122
105
120
121
70
104
118
