60
180
86
83
56
56
83
71
79
66
54
60
88
54
54
58
55
64
83
90
64
61
68
89
73
87
70
56
73
64
61
66
62
83
70
72
90
95
85
60
63
76
56
86
88
59
94
54
94
87
61
55
76
94
58
53
70
65
85
71
69
80
72
74
87
76
89
58
97
71
90
65
82
80
79
88
96
56
64
93
95
79
97
93
85
92
75
50
66
55
59
54
60
70
96
50
62
89
86
85
56
70
64
90
54
99
85
67
78
51
81
63
79
97
87
100
63
71
53
94
63
65
99
53
71
59
63
85
51
90
61
99
63
89
68
88
72
90
64
80
85
57
88
57
100
83
60
98
68
93
59
100
84
65
71
81
90
64
62
63
82
93
57
70
51
86
73
55
61
59
99
73
66
88
68
69
93
93
94
67
73
50
