60
180
121
89
139
112
86
81
81
97
69
76
111
91
146
78
106
121
92
116
112
80
95
89
107
90
93
113
91
109
106
111
102
88
95
113
80
90
105
98
127
68
96
99
69
81
126
124
94
92
144
94
83
94
115
103
84
127
84
82
104
111
89
98
94
104
92
138
112
99
81
70
103
128
91
111
80
139
67
93
108
82
97
123
136
89
124
33
91
94
112
108
70
100
99
97
103
88
81
128
80
79
61
87
108
102
117
74
89
100
132
71
99
83
113
134
70
80
89
99
108
40
100
70
108
83
87
90
107
122
95
106
87
80
130
61
123
124
92
49
121
112
111
120
95
129
115
96
102
80
67
110
72
98
113
97
124
97
99
74
96
92
90
116
110
65
65
107
67
110
138
111
82
82
95
73
67
116
102
95
97
123
