90
180
55
26
61
57
50
8
6
35
12
61
88
64
64
59
72
74
22
15
49
41
6
23
67
11
10
35
52
63
70
73
68
94
94
69
96
88
3
87
9
62
24
83
93
31
38
51
44
44
67
85
83
56
68
14
88
88
99
90
58
49
22
75
71
41
93
40
48
86
23
49
9
16
76
64
32
59
27
72
5
80
16
77
10
36
94
16
99
50
38
84
52
45
5
66
85
33
13
26
90
14
65
40
16
23
40
41
69
77
100
81
43
52
57
58
20
42
44
79
22
64
52
19
51
55
32
42
24
11
45
26
24
80
75
48
35
49
54
66
65
94
21
19
52
52
20
28
72
57
66
64
30
31
93
91
98
56
2
93
72
66
5
30
96
94
91
96
55
16
25
68
16
6
56
46
14
14
18
98
34
93
