60
180
88
35
35
20
39
92
62
34
49
30
92
75
27
65
80
63
41
52
52
21
73
56
25
53
99
71
83
87
28
53
29
26
89
27
37
25
83
32
55
67
43
99
75
50
98
64
88
43
59
98
70
28
78
21
73
66
45
53
47
100
92
96
51
32
44
60
50
61
82
35
88
63
25
99
53
71
55
38
94
35
28
69
62
47
86
81
88
79
66
55
23
94
84
27
93
39
59
54
41
47
39
65
47
67
23
86
77
90
99
90
75
72
49
80
66
22
77
83
31
64
59
92
86
82
56
92
69
27
52
48
62
32
24
84
38
22
72
68
85
23
86
55
94
98
56
20
57
23
46
62
67
61
26
47
85
42
56
70
85
98
56
32
20
78
60
36
63
39
33
40
37
25
34
41
21
52
74
66
94
33
