80
180
399
394
678
505
492
664
682
547
566
184
198
407
701
341
548
575
298
263
376
498
393
573
354
334
510
231
719
406
298
470
420
627
318
571
572
628
618
420
670
584
444
323
702
355
367
518
425
449
490
522
278
234
270
665
198
538
696
512
293
486
623
507
428
237
434
390
683
539
257
654
482
657
298
583
483
619
684
330
228
575
364
473
438
362
673
235
650
540
678
553
298
416
494
229
408
535
593
382
190
398
637
261
357
590
391
616
495
591
654
236
308
318
180
578
386
344
294
206
408
368
234
695
336
674
342
347
665
217
291
540
550
693
633
209
190
344
504
491
503
243
482
309
339
354
422
532
492
669
320
528
504
624
719
669
323
547
277
298
372
441
204
536
377
386
348
480
651
651
513
485
351
629
316
528
257
556
560
546
642
694
