80
180
96
64
72
96
78
61
67
81
89
71
89
87
57
56
61
53
55
89
56
57
96
100
66
55
94
83
97
67
99
52
61
50
56
94
88
55
83
56
65
56
74
85
71
93
99
63
77
88
95
64
92
86
61
58
50
93
83
67
93
95
67
99
61
88
94
77
75
56
87
70
81
68
58
73
96
50
94
52
77
59
90
77
87
84
67
61
57
82
84
83
87
100
50
72
71
64
85
75
65
53
61
52
76
53
54
74
53
86
54
84
57
83
83
95
82
83
51
76
92
71
69
98
80
52
69
52
59
72
76
77
61
94
100
81
51
78
96
81
65
69
98
93
65
75
78
54
73
80
82
94
95
62
87
76
72
91
58
79
94
56
60
96
90
92
93
84
85
51
78
59
84
74
70
62
86
79
95
80
77
67
