80
180
707
700
362
1051
734
929
625
533
1019
730
904
1004
541
969
1070
785
936
463
522
950
630
525
520
621
590
902
555
576
810
1128
574
617
623
538
866
791
868
785
646
720
403
937
699
428
915
685
697
686
803
872
868
644
970
553
783
448
729
794
638
551
750
869
695
712
515
515
988
1199
672
619
610
803
932
565
384
608
481
675
388
734
974
1121
830
716
811
740
488
638
851
724
906
830
735
669
874
704
576
578
876
451
247
440
751
769
741
517
598
919
903
653
453
674
432
782
765
586
555
881
676
1001
633
547
687
581
478
736
765
525
526
623
717
1013
647
478
645
624
924
629
622
608
697
968
206
511
654
454
547
608
748
391
789
874
509
755
574
770
524
1111
592
637
766
204
677
780
507
866
867
700
643
984
788
724
799
623
902
463
792
747
732
533
