72
180
98
69
113
94
57
90
122
98
100
86
55
88
100
148
98
120
90
124
139
117
66
97
109
66
116
102
93
116
97
79
94
98
93
109
112
115
99
85
113
94
111
134
72
73
89
94
80
94
103
95
100
104
95
135
115
109
90
107
87
94
83
93
80
59
85
97
76
110
113
95
103
111
96
75
94
97
102
148
67
69
90
105
69
91
101
167
96
98
127
90
88
102
106
93
109
100
120
43
98
102
135
130
101
100
95
106
76
104
111
94
86
107
103
109
79
52
110
89
108
96
104
125
113
52
94
45
118
62
101
91
100
88
63
73
70
106
98
99
72
95
154
124
106
100
125
79
115
103
94
115
127
99
106
100
76
113
75
87
117
100
72
101
131
123
103
96
76
108
82
109
102
108
110
108
116
89
108
116
92
83
