90
180
707
493
702
587
366
428
403
588
189
602
575
206
637
251
512
310
708
248
629
570
248
638
553
226
691
623
545
568
276
567
443
432
503
235
338
189
217
595
254
278
538
555
653
571
268
259
599
603
473
429
312
205
669
226
260
562
620
351
513
691
225
508
334
333
616
357
501
568
669
453
601
263
474
693
238
355
702
280
695
359
435
474
220
504
242
225
421
333
415
618
666
299
342
429
230
555
492
376
333
709
639
263
186
631
556
629
243
504
655
414
649
680
218
656
219
520
615
395
221
629
319
688
395
386
543
235
506
191
418
242
368
594
624
444
444
269
452
612
409
429
661
369
693
468
451
711
316
201
310
610
398
491
378
340
184
664
656
506
398
599
552
510
715
299
286
483
208
609
312
352
289
497
233
202
478
184
323
476
715
432
