80
180
82
63
77
62
36
87
84
51
24
99
30
60
40
63
27
56
94
94
67
38
69
29
98
89
47
92
63
77
53
20
74
65
22
30
83
26
85
76
87
31
85
78
26
76
75
70
51
39
61
59
85
28
33
84
85
85
82
45
58
66
48
72
69
64
49
79
32
100
47
30
59
65
26
60
81
65
91
91
21
64
97
48
34
40
58
38
100
58
31
58
66
91
51
75
98
44
92
84
23
71
66
35
20
41
63
63
29
41
81
27
48
22
53
37
97
20
79
25
52
60
33
49
84
47
90
83
93
95
68
32
29
59
81
62
88
67
66
73
59
50
23
36
26
75
53
100
50
43
98
67
82
22
43
75
75
44
100
96
99
60
49
99
74
60
91
93
28
71
43
52
22
97
49
69
35
23
47
49
28
32
