80
180
33
7
75
97
21
65
49
93
33
42
50
69
44
12
40
6
80
20
8
79
89
4
83
37
40
17
45
64
65
27
13
1
94
45
20
98
34
40
38
1
41
91
87
52
21
51
8
25
46
65
65
47
71
55
80
98
51
32
12
4
90
75
90
97
29
78
97
45
76
59
99
51
59
100
13
28
45
16
18
40
3
86
52
60
79
2
66
58
46
33
73
82
76
73
100
40
46
64
58
10
70
50
99
92
1
21
41
65
40
24
20
31
3
33
74
59
78
14
14
44
50
98
35
64
86
87
60
45
65
17
42
67
6
51
18
62
86
40
64
94
13
58
98
30
63
67
97
24
2
8
14
60
2
56
19
72
18
41
68
96
37
83
88
78
24
75
86
14
66
4
15
54
81
61
12
31
82
35
88
39
