60
180
7
6
14
17
86
47
83
32
36
26
14
90
77
2
2
27
97
66
19
48
72
6
74
28
80
18
25
1
79
90
6
14
72
43
10
23
21
72
75
35
56
54
8
53
78
82
45
93
5
53
30
36
70
2
36
65
37
15
12
2
93
74
40
22
75
68
69
14
7
66
73
51
83
13
37
8
49
23
22
65
38
97
24
7
18
74
27
89
92
97
69
40
98
73
48
59
28
13
41
89
35
99
50
64
89
37
91
47
57
48
28
69
48
58
41
92
52
72
52
62
20
41
41
87
12
18
91
76
99
99
85
82
40
8
72
37
82
26
97
39
47
84
84
68
39
71
58
75
83
10
19
96
47
79
62
1
90
77
15
18
80
27
65
22
35
27
42
37
54
22
60
94
56
23
82
42
84
15
34
57
