90
180
121
99
108
76
91
111
131
137
149
109
118
128
85
91
92
142
77
86
65
109
142
109
93
102
108
84
144
122
65
103
109
102
105
110
99
125
104
104
117
93
124
96
103
74
94
51
139
76
94
120
47
65
127
117
104
58
121
131
130
79
76
102
128
100
107
117
121
88
112
126
120
102
82
75
64
91
76
81
122
99
91
78
108
86
117
110
117
84
109
104
80
94
117
87
114
102
120
75
104
56
116
107
69
82
104
104
83
69
84
119
91
78
80
110
90
120
98
125
80
131
104
73
115
166
100
115
111
83
98
110
99
111
80
83
81
114
117
90
113
128
95
115
77
123
120
93
107
102
116
97
116
93
103
83
140
100
68
126
86
91
135
88
108
124
124
109
72
59
112
97
115
74
125
86
147
106
90
104
78
119
