60
180
74
85
68
58
94
71
93
52
96
53
66
84
92
51
86
67
66
72
81
91
98
50
98
58
83
60
88
56
51
63
74
55
74
60
100
84
58
78
66
83
89
87
99
67
63
86
64
81
54
86
100
86
56
60
75
99
90
95
79
64
59
89
53
93
78
53
69
91
86
74
55
83
97
90
93
62
82
91
78
56
64
54
86
93
97
62
98
80
82
78
65
97
80
94
60
95
93
71
92
70
66
52
100
65
84
98
74
62
75
73
88
88
68
93
77
90
69
72
93
92
73
87
62
57
98
60
96
78
54
54
56
73
58
57
55
63
56
93
79
54
85
88
66
87
82
60
76
57
83
83
85
62
86
70
95
95
100
70
80
55
64
69
50
58
85
59
87
88
96
63
76
93
51
68
57
66
53
50
71
65
