72
180
167
118
132
78
143
121
55
102
170
141
132
61
65
91
41
45
166
163
70
72
65
150
56
191
190
115
74
123
100
126
150
21
127
133
97
189
48
79
41
50
101
33
130
11
83
190
173
63
33
51
114
89
148
122
162
121
97
123
142
165
115
48
148
21
165
168
44
126
111
126
78
122
8
141
41
43
141
57
46
49
109
154
99
94
29
85
113
166
52
108
24
53
119
82
66
145
120
68
78
61
100
89
27
88
93
105
89
73
155
72
60
75
124
214
183
43
41
164
132
57
210
92
52
60
53
166
118
62
63
132
67
224
11
149
102
76
80
71
79
32
207
112
63
114
35
74
154
83
152
131
83
31
58
161
31
100
117
52
163
146
58
92
188
22
61
74
39
81
68
126
198
65
135
191
68
166
112
75
156
67
