72
180
167
54
110
92
139
97
90
79
137
78
126
105
66
74
108
94
163
140
180
90
105
136
83
167
120
140
78
178
136
92
150
94
104
118
162
63
16
37
66
124
71
91
94
86
63
112
92
139
222
96
36
133
107
161
136
231
261
66
44
112
51
21
72
87
103
116
145
163
26
200
3
149
137
99
92
61
120
135
45
11
103
104
160
152
145
60
158
171
163
134
73
55
114
14
46
96
40
78
49
179
76
107
48
73
101
15
34
12
63
96
49
106
177
82
48
36
114
106
56
60
53
55
107
115
127
161
42
113
56
164
85
8
40
142
110
81
135
96
110
178
157
115
166
23
2
142
176
78
96
81
129
64
105
109
126
138
36
81
189
87
75
67
67
118
58
153
107
48
131
53
73
85
61
140
158
196
164
104
88
57
