80
180
91
5
49
18
93
72
50
59
44
72
22
37
32
72
50
34
58
89
59
64
5
6
71
91
90
77
60
37
8
2
94
70
68
13
46
47
38
38
73
89
64
41
85
76
70
19
71
31
75
5
71
46
36
93
15
39
75
86
67
43
38
12
24
53
86
92
39
76
43
96
95
76
61
75
70
68
35
59
82
27
33
27
86
88
66
53
8
2
11
69
95
28
47
47
77
95
7
96
77
77
30
32
59
98
78
6
23
8
68
40
42
60
83
30
98
17
82
73
53
85
32
57
10
70
1
7
56
90
73
80
86
44
19
1
95
3
26
19
96
51
10
93
37
18
1
31
88
19
26
10
9
77
22
68
81
74
76
88
63
82
32
73
43
91
67
65
72
28
57
1
83
11
38
27
78
29
74
79
57
67
