60
180
120
103
113
106
110
79
114
115
123
87
82
83
59
115
123
94
99
93
105
120
117
80
126
117
100
70
106
71
93
89
109
90
116
87
114
95
112
64
86
102
117
93
92
78
63
67
99
68
112
110
100
108
136
125
89
106
120
93
103
125
82
84
121
138
132
119
83
95
120
105
101
90
119
97
116
84
91
100
112
94
100
126
91
98
92
117
146
79
97
106
124
110
102
116
95
121
117
86
79
65
97
69
127
79
103
111
83
107
110
117
89
144
106
129
85
77
92
88
88
113
73
90
103
105
108
125
101
131
80
148
90
111
95
97
133
109
92
74
93
100
117
99
81
130
114
75
95
99
100
124
86
74
73
68
108
104
113
124
79
91
90
109
144
81
115
127
67
126
111
109
97
109
117
73
87
99
102
107
137
95
