90
180
97
86
120
97
126
129
107
120
51
73
87
95
112
84
103
96
90
97
124
118
109
107
102
70
115
114
91
119
97
104
104
88
123
77
86
115
106
83
137
105
116
126
102
98
109
93
54
98
110
100
133
101
98
102
64
96
94
113
116
120
109
111
116
114
112
62
132
82
61
112
67
116
83
106
118
97
99
140
68
113
131
124
122
84
108
84
102
95
111
93
112
93
124
103
75
88
104
104
110
148
56
108
124
109
137
148
105
96
93
103
97
75
74
109
116
102
101
92
119
97
75
77
117
93
70
123
102
98
94
81
107
96
121
105
118
96
131
122
82
93
111
85
120
102
83
124
72
125
114
65
95
96
92
146
79
99
107
90
83
78
105
139
68
86
112
103
147
77
108
116
104
90
112
111
106
131
84
82
75
108
