90
180
60
92
53
65
89
69
75
60
91
94
73
74
65
50
68
80
78
85
87
82
50
66
65
53
95
70
55
64
91
61
81
93
77
94
89
97
82
81
71
90
62
56
78
57
71
63
67
58
95
74
82
71
78
98
71
51
64
56
92
87
52
97
61
95
64
68
98
68
75
83
83
80
65
79
88
69
94
62
56
74
72
56
94
89
77
56
51
99
73
90
80
62
50
81
77
88
93
57
76
61
79
61
83
69
88
81
95
83
60
69
89
86
98
85
95
57
75
92
84
50
58
86
77
73
91
76
77
75
63
73
64
79
58
71
91
93
90
54
87
51
95
80
97
85
87
50
51
92
86
64
94
91
66
69
96
98
65
67
96
53
86
68
91
70
81
69
65
81
88
56
66
61
87
79
85
84
75
87
72
73
