90
180
66
73
66
50
97
77
58
78
62
59
59
57
53
63
99
79
62
77
83
88
51
57
65
56
55
66
96
74
91
83
99
81
82
88
51
96
96
74
95
87
97
60
76
94
70
58
93
56
53
68
58
99
93
84
58
88
96
75
50
53
99
53
73
94
66
82
74
95
87
98
64
93
51
96
55
60
93
99
92
77
86
71
85
81
79
83
62
100
71
61
53
67
72
64
89
91
93
77
63
54
75
76
55
69
54
57
65
70
84
86
76
75
87
81
100
86
92
54
63
62
98
75
84
59
97
69
80
54
54
97
76
76
68
95
94
97
97
92
51
79
73
87
94
82
93
83
85
57
96
98
87
99
94
62
87
82
61
82
86
51
66
81
77
65
70
85
89
96
98
81
59
95
61
63
63
94
65
81
64
95
