90
180
33
87
30
65
48
98
23
37
92
78
80
59
66
90
26
53
73
73
24
85
70
72
55
41
27
51
20
74
93
71
23
80
25
76
92
28
47
66
34
66
51
68
88
75
71
68
26
66
67
49
95
25
27
54
96
94
100
70
88
95
23
32
67
20
30
45
71
69
88
66
56
26
54
46
56
99
34
55
48
80
90
31
85
94
60
54
56
43
56
60
83
63
87
94
36
82
46
24
75
99
56
96
75
96
23
90
53
58
57
97
38
88
40
86
57
85
76
63
47
53
95
83
53
62
59
76
46
21
50
62
40
47
32
86
29
56
72
37
76
23
92
40
54
91
43
54
86
29
55
89
30
60
42
43
88
39
22
39
75
46
28
46
59
63
51
39
63
73
21
78
35
20
47
63
99
46
53
49
27
73
