80
180
71
46
41
57
74
100
87
93
73
90
70
65
84
62
71
95
70
39
44
60
23
32
29
62
75
69
22
75
71
72
70
24
53
94
97
64
43
91
35
71
27
74
76
44
88
59
58
71
86
49
31
56
54
95
37
86
22
39
48
68
70
22
31
48
87
60
100
61
42
47
86
81
58
54
84
46
73
25
77
73
60
30
64
75
77
81
84
86
76
81
36
46
68
24
78
37
78
35
89
81
84
25
54
100
61
26
48
28
50
56
60
98
67
82
23
21
28
72
31
91
99
89
61
65
31
90
82
41
63
97
65
24
50
64
84
74
73
97
63
21
98
99
71
32
86
49
92
26
60
77
20
97
78
45
52
57
95
79
73
48
93
84
67
99
57
89
34
55
55
79
35
69
53
77
99
88
83
31
22
55
