80
180
71
73
71
61
51
79
57
50
65
67
67
61
94
66
96
95
57
63
98
58
63
57
55
100
65
56
83
59
72
99
93
90
65
69
61
56
75
68
82
92
77
59
76
71
66
82
93
63
53
76
97
59
86
89
53
58
94
59
100
90
58
74
85
99
50
80
87
85
84
100
86
61
77
74
64
81
71
84
86
75
56
61
75
84
88
99
61
62
53
71
82
87
75
70
68
50
51
64
62
58
97
75
95
99
50
64
97
72
79
92
77
91
52
56
58
100
98
77
76
86
59
77
99
55
54
79
91
86
92
88
79
69
64
100
72
50
51
81
68
65
58
90
59
72
60
97
81
60
89
66
78
53
73
82
92
86
61
50
97
66
51
94
65
63
69
80
65
93
79
96
55
95
83
84
84
87
98
69
83
84
