72
180
60
83
82
61
67
74
62
67
70
76
85
51
86
80
69
90
77
58
60
67
88
73
86
77
64
52
58
86
96
90
89
95
75
55
88
60
79
93
89
84
66
63
96
71
67
69
83
84
56
75
58
83
58
75
73
52
96
76
94
63
63
66
80
62
62
70
80
63
54
60
94
71
65
81
67
60
52
57
68
87
98
100
63
85
75
67
77
78
72
84
83
59
72
53
91
69
50
80
68
66
78
92
54
84
76
88
66
56
81
82
78
84
89
88
76
52
54
93
86
66
84
63
80
100
64
100
71
87
65
100
57
90
84
69
67
97
90
76
67
88
51
60
92
60
65
63
88
58
78
69
61
87
69
50
50
75
91
50
96
78
74
94
89
91
77
84
80
69
62
97
85
77
94
62
51
91
72
79
94
95
