80
180
14
30
37
53
177
127
61
77
47
172
58
89
93
89
157
59
149
26
146
118
31
58
70
112
104
98
143
71
87
170
65
95
48
114
78
112
265
119
118
111
108
122
95
205
165
215
173
99
12
111
205
65
50
113
105
84
101
101
38
171
188
71
121
45
79
104
103
106
88
137
172
159
175
107
101
82
18
88
105
50
88
30
273
10
124
72
84
104
166
66
169
153
125
87
131
168
101
111
1
72
172
73
102
56
160
136
56
22
126
211
116
124
68
185
61
106
21
114
124
27
127
142
53
117
85
8
75
98
80
96
135
29
93
40
82
101
48
116
89
195
126
197
15
149
86
108
63
106
66
86
181
125
64
91
191
119
74
153
108
72
149
170
87
20
147
108
109
83
92
157
91
144
117
133
66
67
180
55
35
66
