72
180
57
79
24
71
45
20
7
35
82
54
2
76
95
77
2
63
24
65
34
51
38
33
64
10
92
87
24
16
86
68
2
11
22
57
20
73
57
29
94
21
24
60
83
23
79
70
38
8
58
58
63
17
10
77
20
81
7
46
37
23
72
84
96
28
30
77
2
95
39
19
67
63
15
91
23
2
52
5
27
61
64
66
89
100
86
95
5
9
84
48
2
15
99
7
12
80
36
2
91
92
29
15
70
99
78
43
79
15
21
84
44
54
24
84
100
28
3
1
56
2
13
61
87
71
95
85
80
1
96
70
77
23
12
65
95
3
44
93
67
89
45
66
45
22
89
41
29
75
73
13
48
40
89
56
18
33
25
36
37
49
2
40
28
59
74
92
53
79
75
26
4
81
49
14
72
74
12
13
31
37
