60
180
624
869
952
525
729
753
768
884
731
854
910
868
620
859
855
699
775
853
329
608
710
452
530
702
591
589
757
943
547
953
559
911
562
455
658
580
562
525
972
940
839
718
391
683
518
867
623
692
521
688
973
870
566
556
842
576
854
858
578
607
944
608
627
485
374
662
765
655
632
766
729
713
318
437
781
939
697
934
668
802
650
502
807
870
766
958
625
793
674
897
311
825
746
734
524
949
709
938
704
673
572
534
353
894
653
613
338
822
400
579
1276
466
746
628
825
812
702
1038
628
828
476
900
812
1074
712
608
761
611
828
584
935
891
807
295
982
369
551
477
469
335
1062
213
558
828
802
615
822
705
469
784
453
840
552
825
668
775
527
841
587
717
575
826
920
729
888
801
849
736
893
697
679
1146
871
676
816
894
523
710
741
574
