60
180
69
89
45
33
38
68
86
50
25
85
74
67
57
75
41
89
97
67
44
60
40
86
90
80
79
75
35
42
30
98
98
29
48
84
81
67
31
74
33
64
40
79
38
45
68
35
52
46
21
93
95
92
77
75
73
78
51
47
22
39
21
23
42
57
61
56
45
69
25
98
94
97
33
42
96
66
83
53
73
93
64
50
69
30
49
70
84
76
100
23
27
88
99
96
46
21
23
63
78
25
65
98
92
32
42
57
84
49
23
62
82
37
38
32
24
37
79
93
35
47
46
79
43
43
32
81
65
45
61
42
69
95
50
96
59
22
38
96
93
85
41
100
47
92
53
43
89
20
27
62
30
63
23
88
97
96
59
33
40
59
32
23
24
63
65
85
49
29
41
66
90
37
84
69
24
54
38
85
46
99
