72
180
93
63
70
65
79
100
63
98
68
87
98
66
59
52
100
73
64
94
59
51
73
68
95
58
97
96
58
99
76
51
78
72
86
99
50
90
87
52
97
61
84
82
60
55
90
96
92
89
100
83
76
57
89
91
81
89
65
74
69
79
95
67
94
74
100
87
72
78
84
74
68
65
61
67
100
73
89
73
59
61
82
55
80
95
93
57
52
83
60
83
54
89
76
66
97
93
95
77
78
95
64
97
55
73
80
83
72
63
99
90
50
96
69
53
89
53
73
81
99
66
65
58
88
77
70
61
92
84
64
96
98
50
84
75
58
64
84
64
63
79
74
63
93
58
96
51
52
69
96
69
85
64
68
51
57
99
53
93
98
75
54
100
58
55
78
85
72
100
71
62
83
95
65
51
81
70
61
70
87
86
