90
180
29
237
90
114
136
62
83
134
86
207
35
121
32
108
75
73
200
111
134
89
72
206
81
131
101
31
173
139
24
173
56
10
99
114
57
110
118
45
42
125
123
54
55
146
50
93
124
84
91
86
107
29
101
68
79
129
63
103
105
102
206
88
87
168
33
119
12
156
127
177
195
56
20
180
98
149
44
95
95
126
194
128
119
83
120
135
91
90
73
119
84
13
80
111
144
87
30
76
61
22
89
102
108
35
140
110
168
15
31
109
121
102
78
99
101
150
116
103
24
272
151
9
114
109
68
140
131
61
46
77
119
96
61
143
97
125
121
74
100
33
167
118
109
22
135
97
107
144
61
27
139
154
1
91
125
23
125
85
104
51
12
187
79
13
94
9
50
198
54
8
91
177
56
44
119
97
108
94
145
111
