90
180
101
122
74
112
88
147
115
111
113
104
92
116
95
129
102
120
104
96
101
102
77
119
101
72
78
125
97
121
77
112
90
69
101
92
80
88
133
98
115
114
113
89
101
111
86
66
69
108
120
67
122
81
88
82
106
95
115
91
98
64
101
118
140
87
103
85
98
111
96
83
103
57
93
111
133
107
116
99
62
103
104
83
121
82
114
109
76
80
87
84
101
118
76
118
81
80
72
68
107
77
116
84
97
105
116
116
88
91
83
62
92
82
102
63
135
103
115
123
45
123
107
97
92
111
63
111
136
129
108
94
83
94
102
103
99
96
103
88
71
119
118
110
113
92
111
85
89
82
114
105
104
110
77
145
116
122
50
110
100
92
85
128
86
89
71
106
85
78
110
72
108
125
89
83
105
111
111
111
81
105
