88
198
51
81
74
56
98
98
63
87
63
55
79
82
64
81
61
57
86
64
89
53
53
53
87
61
98
61
94
93
51
89
63
53
50
59
55
86
93
73
51
93
77
74
53
69
60
89
78
52
65
89
59
67
73
55
86
55
51
75
89
59
85
50
96
98
96
89
57
79
100
93
73
67
86
52
69
80
78
100
73
87
98
57
100
81
95
86
72
69
95
53
68
86
83
55
51
98
88
51
98
59
99
67
65
70
95
85
60
88
80
58
77
70
74
84
94
89
56
73
95
63
96
85
96
84
85
50
64
59
77
69
75
87
65
93
59
73
65
67
59
59
62
53
91
82
73
60
88
71
54
53
70
75
66
76
88
91
57
75
61
56
77
95
85
50
86
66
77
88
75
94
74
59
51
94
91
63
88
81
55
88
87
53
77
87
76
67
73
60
59
59
70
73
51
100
51
65
84
58
