72
198
29
54
17
55
52
93
16
35
86
45
46
75
91
63
34
82
17
36
15
81
27
69
39
55
39
80
53
100
51
7
11
41
80
90
33
45
15
1
64
10
10
90
100
12
66
86
72
67
98
91
96
14
100
94
29
34
75
77
73
80
33
77
58
61
19
28
4
76
91
61
60
68
61
62
40
77
82
24
43
84
21
2
45
9
36
99
45
56
78
92
77
59
69
64
53
18
26
82
45
49
25
100
38
83
18
17
76
60
47
48
66
63
54
7
21
69
46
12
21
6
82
17
84
25
46
4
79
12
57
97
43
63
21
77
8
19
58
85
26
99
12
1
28
71
83
18
80
93
45
6
10
99
3
8
86
26
91
63
9
36
62
16
14
56
5
69
9
69
38
24
61
28
83
42
46
83
63
8
55
67
91
6
91
78
8
5
91
84
49
69
28
80
49
42
45
65
84
43
