88
198
61
63
95
80
68
89
72
86
82
58
83
62
98
77
53
86
52
67
60
65
50
78
77
53
66
88
73
96
83
74
77
80
92
76
57
52
65
92
83
55
97
57
65
52
54
52
82
67
72
74
90
81
74
83
88
76
77
80
75
57
54
52
89
56
96
59
58
82
81
74
63
90
69
97
56
67
66
51
85
94
95
75
60
64
90
74
91
54
86
67
70
87
86
69
50
84
88
96
84
55
92
88
94
67
54
91
71
52
72
73
59
67
93
90
89
57
100
60
74
88
96
62
63
72
54
63
100
57
99
80
71
63
54
59
61
64
57
61
73
84
73
71
98
98
52
65
82
51
96
80
68
78
73
95
67
80
83
61
53
77
88
93
50
56
73
88
98
88
84
85
58
98
51
56
98
60
100
83
100
51
59
92
58
85
74
76
66
100
70
69
76
71
75
56
87
63
50
66
