72
198
96
61
64
66
88
99
99
69
79
60
94
93
69
92
84
92
70
80
71
98
99
94
61
66
99
90
100
90
52
68
80
55
64
75
96
61
86
55
65
60
76
68
81
67
69
59
84
85
50
98
54
98
87
57
79
89
79
76
50
93
66
96
75
93
79
79
66
67
68
73
70
57
62
100
76
89
85
52
93
71
69
57
82
96
66
92
71
69
61
80
67
59
52
52
88
71
95
54
97
50
53
86
83
95
83
60
69
77
76
83
50
50
54
53
85
87
77
54
66
83
66
55
88
56
57
69
97
99
69
54
50
71
56
97
92
62
77
67
90
55
51
93
58
70
70
63
99
54
85
59
52
69
62
51
86
74
89
96
79
52
64
66
99
71
67
86
91
73
81
75
51
58
89
60
91
78
67
81
80
59
94
79
76
90
71
88
83
73
56
100
66
55
99
96
98
86
88
67
