66
198
89
52
84
85
91
82
94
78
72
68
66
98
66
59
91
83
87
97
98
96
90
88
85
95
86
77
99
91
69
86
60
55
51
50
82
99
77
73
93
69
68
88
78
93
62
100
83
92
91
76
81
73
70
62
55
68
93
74
56
74
56
96
95
82
96
72
96
100
99
64
94
54
97
97
98
97
93
76
76
60
87
83
77
81
57
91
72
93
80
99
51
96
54
81
91
90
79
89
71
92
97
52
77
93
60
78
69
80
92
51
53
61
77
59
91
92
55
67
76
50
82
57
69
83
81
76
68
91
84
64
98
80
55
75
66
99
71
95
99
86
61
54
53
54
90
52
85
67
64
82
70
50
69
83
75
67
56
80
85
69
62
54
57
83
97
64
62
96
64
86
51
70
56
59
67
52
61
58
58
73
98
72
66
52
69
97
53
70
56
98
61
92
97
55
64
96
61
81
