66
198
75
88
96
100
76
99
89
80
61
85
70
63
99
51
51
51
99
100
85
62
89
84
90
57
87
71
79
84
81
60
66
74
51
100
91
52
100
92
81
50
96
62
66
57
69
94
72
99
62
75
78
98
81
70
86
92
71
83
61
58
52
53
54
83
59
80
96
53
88
66
53
98
96
74
77
90
76
54
72
87
85
56
51
83
81
72
75
69
53
69
92
87
55
90
63
67
80
62
86
66
93
63
61
50
84
79
68
84
54
57
83
81
90
89
76
88
84
88
98
99
88
58
66
65
78
54
99
55
52
56
88
61
64
78
62
55
55
98
86
57
62
98
73
75
58
86
78
55
52
73
63
97
64
68
98
91
60
89
55
79
59
83
67
92
91
67
70
75
58
81
68
80
85
80
86
58
86
93
62
75
71
68
80
84
67
77
75
51
81
56
81
61
100
97
54
61
91
60
