72
198
53
78
84
90
36
64
37
56
36
74
72
68
68
54
32
86
27
75
34
83
63
37
33
32
79
68
25
34
99
62
94
61
36
46
72
43
55
72
20
33
38
73
97
77
71
47
56
84
92
68
75
48
34
50
94
97
37
55
55
69
76
59
26
58
58
56
68
30
35
35
54
64
22
85
57
32
25
31
47
97
37
56
54
28
33
63
25
47
40
34
37
22
63
23
69
83
42
68
82
54
26
45
44
50
33
45
28
74
89
38
73
69
94
91
80
24
80
22
94
51
67
25
82
23
59
40
54
68
90
50
28
37
88
70
22
36
99
91
56
48
62
80
88
84
84
42
93
76
39
92
83
38
30
52
71
81
53
27
82
93
32
87
76
92
68
83
30
57
32
44
97
34
32
29
69
77
60
40
45
33
42
99
100
52
93
43
60
87
70
59
98
57
39
57
30
73
100
42
