72
198
603
539
317
763
773
511
281
635
492
686
394
770
263
375
247
553
597
488
606
494
783
781
536
638
430
665
528
545
370
757
279
500
234
553
535
488
469
472
644
784
534
445
720
201
483
611
688
493
226
774
531
216
332
511
461
291
527
401
374
421
637
317
373
373
648
736
417
318
562
754
499
416
723
319
645
695
506
595
278
207
413
203
769
792
680
768
447
397
640
569
217
352
638
552
224
344
705
276
352
398
293
573
534
390
689
226
599
664
394
207
667
572
513
664
323
649
696
224
784
679
619
790
661
386
737
735
379
768
332
550
617
514
493
252
557
737
730
731
701
234
385
325
582
556
553
725
271
259
550
744
507
720
433
525
697
521
534
291
573
252
443
433
526
274
504
511
358
268
698
462
422
539
298
583
462
242
779
388
492
369
488
753
304
691
488
373
606
455
437
476
392
670
202
496
422
305
716
707
