88
198
38
48
17
87
97
96
39
48
6
42
3
52
24
78
1
33
35
39
87
29
1
16
75
6
20
67
63
87
71
2
92
79
5
34
19
58
53
52
19
71
57
33
74
16
10
19
31
88
34
87
90
65
79
61
68
76
44
59
21
5
19
40
38
59
72
29
28
6
27
12
91
69
38
65
19
36
93
46
69
4
17
8
43
60
16
55
84
18
69
27
61
77
85
9
73
94
74
39
23
63
6
90
83
4
72
5
49
94
26
55
5
1
64
67
53
62
11
9
57
47
48
47
19
72
12
37
6
83
37
42
83
7
100
46
66
23
43
92
46
52
7
35
50
34
5
70
97
36
77
61
77
88
27
71
37
59
94
4
96
35
41
100
21
40
31
65
90
77
78
20
59
46
78
34
23
43
92
85
40
70
59
9
70
75
41
86
89
14
85
28
88
39
98
73
9
74
63
49
