72
198
98
57
56
70
98
94
205
99
129
131
129
125
122
147
99
92
167
138
151
74
149
58
145
90
96
112
82
153
134
79
156
112
64
135
96
212
37
120
70
138
69
116
125
7
143
130
142
85
76
66
79
62
11
74
110
104
152
113
47
115
194
138
89
97
8
111
205
66
134
54
135
72
75
53
33
187
34
72
105
90
49
121
104
150
41
65
42
200
91
136
51
35
146
141
148
67
132
75
58
106
74
98
123
148
105
54
157
113
105
11
38
69
133
143
75
184
52
17
88
158
109
118
178
133
75
86
121
146
66
85
37
227
103
57
157
94
175
72
96
38
75
114
78
93
168
100
119
103
112
122
211
103
157
48
140
82
142
92
155
218
3
31
92
11
152
27
178
42
90
68
29
86
70
184
117
25
202
208
165
105
105
47
92
23
45
52
273
115
95
96
28
45
101
23
157
142
104
155
