66
198
936
814
672
825
525
616
420
740
696
951
847
993
809
876
691
615
740
895
741
581
845
752
590
1042
774
811
723
759
850
734
684
615
710
828
759
986
803
802
431
776
710
905
612
943
700
1014
694
602
923
454
678
737
1054
819
945
702
752
773
818
584
459
496
538
800
629
734
1037
763
873
589
583
775
545
690
874
560
510
638
1078
985
582
354
472
935
623
910
569
741
1363
799
1096
656
807
548
898
559
1052
720
402
626
872
538
744
521
677
838
962
941
865
456
655
807
734
873
744
634
812
631
269
950
621
842
977
480
1261
918
401
740
787
725
1155
745
853
886
781
689
952
869
677
681
444
801
1171
945
312
857
546
607
994
818
520
639
594
687
612
1034
745
872
979
788
675
947
687
684
854
598
673
1129
1014
493
619
517
633
1062
924
965
960
614
644
672
1041
555
701
802
598
633
757
876
702
421
543
615
819
562
947
804
932
1092
