88
198
16
110
17
117
49
163
119
20
148
143
10
36
86
117
101
43
156
62
44
100
26
105
196
100
81
75
131
121
213
188
154
81
168
164
108
112
4
15
119
78
48
92
40
128
135
85
109
95
75
82
170
181
63
63
13
116
15
176
66
99
85
123
124
158
15
130
70
98
142
66
59
25
55
130
4
43
117
30
136
148
136
78
107
147
174
64
88
104
136
132
31
38
101
42
115
137
192
103
75
86
155
57
98
140
67
46
92
78
6
159
43
32
64
56
81
83
89
127
79
72
136
148
68
212
159
75
106
94
103
116
120
125
179
166
71
140
75
106
169
140
47
154
107
79
68
91
144
100
53
69
127
92
193
73
101
81
82
120
78
178
87
118
80
18
144
84
92
84
13
160
162
129
97
117
74
147
99
85
52
92
6
77
91
147
61
177
128
87
142
68
78
112
72
68
122
47
139
121
