88
198
92
79
105
81
152
134
106
138
191
55
70
89
58
102
140
13
88
99
78
173
51
9
134
230
33
27
140
92
67
167
119
51
83
86
59
180
207
199
44
30
96
161
46
109
31
184
102
52
76
49
99
146
106
39
119
137
3
63
128
150
193
40
116
143
125
139
106
100
71
95
5
116
13
222
173
35
73
120
31
69
82
131
34
117
42
130
128
71
48
116
56
124
167
146
78
39
78
68
106
74
35
72
107
71
54
108
117
101
96
196
81
105
85
88
148
54
109
101
148
122
136
87
66
66
147
94
81
67
51
95
41
118
71
93
76
91
105
136
83
164
65
35
9
81
179
75
72
104
103
120
75
161
60
87
93
127
161
65
56
139
176
115
64
120
50
125
149
134
87
135
184
97
47
122
91
109
106
104
182
104
198
102
194
122
152
67
125
13
116
68
130
50
77
114
86
116
116
145
