66
198
115
35
55
123
87
197
20
78
67
70
151
115
121
7
109
93
164
140
121
112
161
14
6
157
98
122
15
35
94
126
44
46
127
109
178
115
69
83
13
82
93
114
150
89
170
89
33
188
128
40
79
78
28
77
135
36
62
26
75
151
115
130
90
130
1
78
69
131
37
87
107
42
106
122
80
60
55
162
29
118
96
160
80
122
115
93
85
102
93
81
96
42
102
233
143
3
164
115
135
135
181
77
168
57
76
169
70
112
93
49
107
136
74
156
15
119
28
127
124
17
88
80
29
125
147
87
142
122
77
182
183
87
100
116
214
161
83
47
143
31
100
56
11
45
54
118
129
87
72
158
144
169
166
83
140
80
9
69
57
85
148
82
138
193
82
144
150
57
103
65
119
54
116
88
62
78
187
86
122
99
121
74
141
199
123
102
116
123
98
144
90
122
105
132
156
74
162
76
