66
198
114
110
117
81
61
72
96
97
89
109
75
131
108
70
118
87
117
96
101
115
126
109
115
71
108
104
116
109
84
88
82
77
99
124
105
118
74
88
121
106
76
84
68
89
140
105
95
94
94
104
62
123
74
90
130
122
132
121
98
73
111
108
112
106
105
84
126
109
99
126
99
76
110
88
70
151
87
105
149
81
103
79
93
117
140
84
130
132
97
99
70
114
111
102
114
98
114
103
112
107
91
110
118
85
43
102
79
101
98
69
103
114
105
74
84
60
93
95
92
138
104
100
95
78
112
101
100
85
110
120
91
99
113
130
91
90
87
79
99
62
92
92
81
95
112
106
90
106
123
114
84
97
104
136
61
112
107
90
51
106
98
81
51
105
97
94
78
86
92
120
93
86
128
111
129
63
86
90
103
106
84
122
115
109
84
78
119
69
76
127
99
95
72
123
117
124
55
115
