72
198
349
766
685
768
260
558
684
475
198
732
594
550
410
580
705
431
289
717
710
764
734
374
313
750
733
372
553
691
453
664
546
387
343
702
537
773
599
508
586
673
660
537
208
476
237
338
605
683
227
790
344
362
654
458
540
700
428
602
350
212
774
533
268
491
361
731
770
447
384
762
311
310
538
584
662
237
570
249
682
690
245
517
745
357
432
393
603
493
361
346
229
662
685
208
786
539
513
281
569
451
414
645
312
446
443
441
532
603
699
219
734
769
224
678
230
266
425
299
238
390
286
639
459
654
691
769
578
675
683
602
690
209
622
575
585
775
715
220
565
716
491
422
600
456
792
310
271
282
453
790
652
481
701
487
347
485
525
594
647
750
505
248
775
646
524
394
774
553
420
691
415
306
777
505
454
789
535
692
419
761
204
711
662
705
668
558
553
346
355
332
213
442
714
348
631
623
198
419
