66
198
67
20
29
23
32
49
47
28
82
37
33
36
79
81
76
69
62
91
58
93
50
90
88
79
58
81
27
67
59
66
20
94
46
67
67
62
94
33
80
72
69
80
68
80
48
94
41
67
90
65
32
69
96
37
23
83
97
62
80
35
57
59
33
21
44
87
69
30
41
75
39
91
34
42
89
38
52
53
20
67
59
25
34
53
39
43
39
70
86
80
67
75
82
34
49
35
59
68
89
70
89
76
87
58
93
82
27
57
46
27
74
29
50
44
41
22
27
25
94
94
55
37
100
92
65
47
34
67
78
57
50
48
45
65
70
76
93
28
52
83
50
83
36
61
47
54
55
79
31
49
96
20
87
35
88
85
29
66
56
33
50
71
27
26
87
28
34
60
69
95
81
60
72
86
26
35
54
63
52
88
28
74
74
57
67
71
75
89
46
44
78
68
51
80
76
56
66
65
