88
198
88
61
91
61
81
64
76
88
74
72
83
59
53
56
98
74
72
90
96
63
78
98
95
55
71
50
54
72
92
91
59
81
80
90
74
63
97
76
91
70
77
62
100
81
99
71
58
95
92
78
73
81
80
79
83
94
85
69
78
96
87
86
89
79
65
89
99
84
59
97
73
61
71
61
100
69
93
60
75
88
66
85
90
75
78
69
80
94
85
50
87
65
87
61
68
69
72
66
63
96
52
74
51
80
80
62
83
55
63
51
63
91
55
90
71
81
54
94
77
81
92
85
63
64
92
52
76
89
63
87
80
97
67
77
85
50
61
73
56
99
51
88
60
61
86
99
55
80
82
76
68
95
70
91
84
96
85
67
66
83
66
99
96
72
95
83
89
54
59
55
56
93
51
95
72
71
60
83
86
59
100
50
59
79
60
63
56
86
99
50
81
91
79
61
72
96
99
82
