66
198
754
362
253
672
729
604
527
326
746
617
534
471
597
467
666
422
570
758
460
223
663
781
562
309
404
757
294
674
282
275
628
587
733
735
523
583
476
632
715
330
490
332
681
235
281
507
577
790
714
740
630
354
702
641
407
560
670
544
475
692
522
712
521
607
679
533
574
758
423
538
336
520
321
770
374
657
381
657
639
229
522
217
204
762
225
661
314
396
701
236
337
561
697
239
685
446
243
380
781
347
431
336
375
518
691
364
488
339
319
559
380
355
574
676
334
769
724
642
734
648
594
286
351
657
348
210
769
413
703
687
785
460
700
565
214
295
525
458
617
320
405
545
764
728
556
690
673
302
442
303
763
340
484
488
674
204
577
758
481
334
770
416
487
741
305
617
675
675
384
211
214
741
744
524
567
417
364
699
667
539
368
451
303
462
355
664
738
238
418
792
790
700
586
221
468
572
306
327
