88
198
143
166
27
166
155
213
2
96
47
160
83
107
59
66
103
39
97
42
136
57
110
50
126
89
95
57
138
194
93
89
101
75
100
33
25
76
89
93
11
187
99
85
56
106
104
49
123
79
92
38
101
149
168
96
27
1
116
47
165
135
98
15
76
191
16
143
73
149
98
179
88
109
61
62
33
97
87
14
113
93
152
132
87
81
124
85
56
134
107
155
146
54
115
106
154
131
72
134
172
20
91
81
64
32
132
90
159
46
83
180
44
92
102
128
143
74
93
92
100
136
85
220
3
73
147
68
4
100
98
79
145
187
104
13
151
113
112
37
145
177
6
38
67
6
148
98
43
53
90
111
112
194
94
122
96
141
155
166
76
4
118
183
122
163
15
77
77
97
84
101
120
167
85
137
69
221
39
77
166
161
21
4
124
128
123
150
132
104
121
110
127
189
143
107
91
142
152
91
