72
198
518
737
1046
703
860
393
991
618
1004
800
914
954
768
638
552
741
482
974
801
892
1029
484
951
755
474
704
884
634
835
721
926
871
1037
608
888
898
451
861
589
723
956
1024
913
714
951
877
964
791
854
564
537
610
521
739
1174
796
712
703
651
561
593
518
963
1010
756
938
1003
448
797
782
614
830
892
1245
485
598
925
447
631
749
558
441
798
998
940
631
941
683
841
866
857
952
1027
786
920
986
709
840
1031
769
859
773
456
921
816
549
834
798
713
770
470
506
453
672
704
650
739
406
650
741
791
635
654
537
481
1085
746
864
1112
1030
834
901
772
676
953
398
893
512
392
751
628
939
855
1143
1124
813
1011
1029
1194
828
660
525
848
1033
601
744
805
823
795
554
771
503
737
313
696
1119
483
557
870
839
865
597
1101
865
687
625
1170
1041
1075
927
744
667
623
898
806
664
892
648
665
859
783
716
869
571
627
746
404
532
