88
198
79
27
44
97
66
50
35
66
25
74
84
45
81
50
54
54
83
43
76
95
24
100
23
60
27
39
80
92
74
82
58
26
88
99
47
38
49
28
71
64
48
80
65
88
43
74
27
42
40
82
37
70
52
27
53
49
27
87
94
44
23
63
49
29
89
26
30
81
44
77
42
95
78
65
74
89
72
44
57
82
21
56
94
21
62
97
99
66
85
42
71
33
86
32
21
23
80
82
56
82
69
94
31
44
74
50
39
47
74
35
54
95
52
95
64
95
88
99
47
47
72
40
89
34
90
76
93
69
54
70
69
60
80
26
29
70
34
23
68
100
55
38
86
43
100
46
74
57
21
26
58
70
64
51
51
40
31
64
69
38
40
27
76
63
70
83
73
67
92
33
43
49
83
49
75
25
100
44
75
32
37
37
49
88
90
46
50
93
83
33
26
41
39
57
52
94
66
25
