88
198
128
112
108
111
94
87
76
97
106
96
107
77
86
87
74
72
146
97
122
88
126
111
114
76
117
73
117
96
90
96
88
129
92
75
102
88
81
109
78
139
109
102
58
118
107
101
134
89
124
101
99
76
91
76
108
96
92
137
98
104
98
115
117
128
109
98
124
99
57
137
97
93
104
88
110
95
148
73
79
93
57
105
102
142
108
93
127
90
90
113
97
103
78
102
77
123
124
72
89
82
90
75
120
70
85
131
94
111
51
80
133
92
75
110
107
104
68
129
61
120
106
77
132
83
106
119
80
68
117
94
117
80
92
115
118
122
125
113
83
94
83
94
69
91
115
80
102
81
137
131
58
119
98
74
100
89
111
88
77
91
92
113
106
166
99
117
83
89
150
113
92
111
95
101
81
74
101
104
64
143
108
138
75
105
112
107
122
145
92
63
75
112
81
85
105
71
55
107
