72
198
76
90
55
93
54
75
85
98
83
85
86
73
66
82
98
97
70
83
63
65
54
86
81
99
91
86
100
59
86
92
69
85
85
65
70
74
51
71
98
76
63
70
63
99
55
97
55
87
99
84
71
55
53
69
81
92
75
80
66
69
63
59
73
79
78
91
73
63
67
89
54
58
60
69
95
92
74
80
88
67
66
66
82
52
60
55
84
93
58
100
50
54
64
75
99
96
68
100
66
65
97
70
74
96
59
72
63
85
62
55
76
86
89
62
75
82
79
54
90
72
74
62
56
92
76
86
96
83
91
63
66
55
93
61
91
82
92
65
57
96
74
79
68
63
89
79
82
83
81
69
53
59
68
82
83
98
93
91
93
60
70
70
96
72
53
63
68
66
97
94
68
83
61
85
62
93
91
83
50
64
72
81
79
67
89
80
52
61
82
51
77
99
71
97
75
55
82
65
