88
198
90
93
64
1
51
55
88
52
95
10
12
52
35
88
91
19
29
16
86
21
50
32
16
89
3
41
10
48
26
49
33
25
2
87
65
76
36
68
71
85
33
80
9
64
36
70
9
38
2
50
97
91
10
66
83
35
46
52
27
88
49
98
69
87
84
32
69
98
82
87
43
55
6
25
95
65
39
8
45
79
59
10
83
81
96
30
83
43
26
66
11
28
12
10
57
36
36
35
24
44
67
7
58
45
38
23
46
47
9
37
21
93
60
15
99
85
71
11
82
37
42
86
58
42
45
15
52
84
97
35
99
11
53
76
34
26
47
77
53
84
13
1
65
17
40
15
15
92
33
58
77
30
45
10
25
5
79
50
100
81
81
60
22
16
38
11
57
92
82
71
82
76
51
88
10
37
39
72
80
14
53
69
33
52
63
61
37
10
23
78
80
38
85
65
1
16
62
14
