72
198
60
56
98
82
75
52
60
66
96
62
78
88
64
51
81
96
98
64
58
87
74
76
53
65
80
74
74
50
84
51
100
87
60
93
72
68
70
92
51
64
63
66
95
91
96
85
72
59
70
79
90
53
100
87
72
58
91
52
53
68
86
71
75
82
72
93
62
83
79
56
53
93
64
84
72
69
54
82
84
54
58
78
56
94
87
83
65
86
69
62
65
100
75
67
57
84
80
71
73
62
68
96
95
81
81
70
72
64
91
64
68
80
92
54
77
62
63
84
57
60
51
60
54
57
77
61
69
89
66
89
79
62
85
71
73
85
89
62
60
68
57
81
99
51
90
63
52
57
98
69
99
93
58
62
80
62
88
100
63
86
54
94
98
97
78
62
73
98
96
68
91
52
98
53
95
58
53
56
98
100
91
62
75
63
54
67
85
59
68
95
65
58
59
87
86
71
60
78
