66
198
192
129
19
109
156
81
127
194
96
62
99
69
139
110
52
94
63
98
157
62
141
70
87
111
95
105
177
87
125
64
159
148
61
104
34
63
158
101
94
110
94
49
153
138
152
84
121
23
126
44
201
163
93
109
115
72
135
122
50
70
95
149
85
123
54
27
87
134
162
8
167
135
107
165
76
88
172
174
194
178
116
50
84
29
114
105
117
75
38
123
196
16
145
62
203
155
74
184
73
101
100
34
50
100
164
63
78
85
196
51
113
189
88
52
140
112
121
98
65
15
136
7
102
69
129
57
105
8
74
75
105
135
18
94
99
159
11
135
104
89
38
119
39
84
63
50
50
12
47
137
20
57
14
104
61
250
71
110
85
28
40
112
12
133
101
84
113
45
84
145
181
38
5
77
110
198
109
110
68
97
171
105
72
129
66
44
71
47
110
65
9
49
41
91
172
128
135
64
