72
198
41
68
71
44
93
80
60
84
71
78
97
59
57
28
92
62
74
29
87
78
84
31
50
40
58
92
78
82
54
24
21
58
44
92
26
51
36
90
87
88
39
53
66
23
31
76
57
51
50
48
52
47
45
63
44
81
85
99
68
74
57
26
81
60
41
46
81
45
61
70
32
77
79
46
30
36
70
24
74
22
51
37
48
49
41
94
75
70
63
70
66
97
62
56
57
43
47
34
25
40
80
36
54
97
48
80
71
73
64
49
84
59
84
55
57
97
48
87
79
61
94
83
56
20
94
49
97
96
67
40
87
80
49
23
57
59
43
79
64
25
90
64
52
57
88
77
82
76
45
93
53
68
21
71
59
94
39
67
42
95
47
87
91
57
21
28
83
49
79
38
28
90
47
38
38
84
95
40
93
38
39
36
60
34
44
37
23
44
93
32
78
83
41
22
66
39
25
77
