72
198
630
673
859
1129
1026
944
706
780
1096
941
1030
964
1068
666
1229
860
932
857
533
666
704
828
743
994
827
729
782
1115
856
1080
1117
706
898
573
562
813
726
931
820
750
821
927
892
997
561
834
796
1146
951
759
980
675
830
827
703
659
551
748
858
540
424
573
771
914
1020
965
1091
789
427
474
326
1101
708
998
951
510
763
518
636
821
748
831
1026
897
944
734
852
753
742
477
918
539
573
685
504
864
829
1169
838
755
752
1032
851
875
749
854
723
553
804
867
996
949
837
770
1154
888
958
836
1032
825
1009
714
228
770
509
1299
833
1218
1017
1023
890
625
682
736
800
595
189
741
843
1027
574
945
657
935
722
898
888
378
580
752
1140
853
616
735
892
712
1057
1021
746
805
403
941
678
943
819
968
896
877
723
600
521
611
858
626
931
840
764
595
605
312
1095
926
620
577
510
731
842
971
787
870
775
879
688
723
916
696
1071
790
