88
198
1100
811
486
1011
945
680
1072
966
902
925
748
469
822
1138
849
657
1222
673
790
776
831
578
700
939
614
1181
1142
866
1019
803
554
807
932
707
837
581
1082
902
802
692
721
599
769
930
940
571
781
826
920
802
585
537
1143
699
732
906
931
844
612
531
897
937
874
610
680
715
701
1038
753
780
786
839
756
661
490
914
397
1157
926
845
938
599
1007
598
1012
834
812
1001
487
796
614
916
898
1348
798
792
742
873
818
844
1040
427
1015
598
995
797
773
1045
1044
842
977
625
812
875
474
663
1223
555
886
952
927
888
890
816
931
857
780
690
858
1064
1063
738
842
794
930
930
438
560
884
496
478
556
592
775
1081
810
1030
1088
481
780
569
597
782
1114
963
884
725
894
1095
707
800
607
1083
749
976
653
856
781
658
688
677
1254
888
1084
677
448
616
953
329
664
503
994
675
916
898
561
717
472
766
1067
1119
1132
718
705
414
732
948
654
