88
198
744
470
706
487
367
690
422
747
419
317
541
414
345
245
399
656
422
672
750
363
486
344
690
286
622
262
333
717
462
313
367
533
335
508
451
270
659
559
566
388
689
309
596
742
779
725
673
619
549
327
343
544
502
447
418
404
579
602
342
721
725
325
617
773
650
378
280
320
772
253
317
745
372
736
566
692
612
233
206
767
419
703
381
717
587
455
443
474
713
512
775
478
660
690
775
762
273
449
399
541
778
254
530
545
740
234
765
593
314
284
429
250
551
693
574
600
213
409
621
760
300
382
334
317
559
639
670
757
560
700
605
545
274
759
751
705
778
302
654
731
723
216
371
656
742
732
737
744
428
507
295
562
223
213
444
462
535
772
351
233
498
434
306
529
234
313
318
777
492
549
682
249
496
252
332
469
769
548
725
384
526
785
253
281
501
259
316
280
631
497
464
747
478
294
729
704
755
517
