72
198
69
50
40
20
82
90
49
66
22
39
93
91
67
55
86
55
35
79
21
46
30
55
21
89
41
21
57
74
34
50
40
62
58
61
58
43
50
70
68
59
79
87
66
56
30
55
60
81
23
85
98
91
43
41
60
38
68
85
78
79
62
87
33
38
94
38
23
23
66
68
83
38
37
68
30
72
91
22
95
77
53
79
70
68
87
56
92
47
21
59
33
34
47
93
24
43
76
68
46
98
100
41
72
34
82
31
56
51
59
27
41
48
77
20
91
83
67
35
26
33
36
82
27
97
23
85
83
66
35
54
85
61
30
77
93
57
40
61
44
84
98
85
27
64
20
90
37
24
58
80
82
60
87
62
75
93
55
96
90
36
98
54
41
94
62
85
98
70
88
85
37
73
84
56
35
81
72
92
58
86
32
63
56
45
60
48
32
50
82
42
47
38
66
65
43
55
45
32
