88
198
90
60
49
38
94
60
26
33
84
31
90
62
66
47
30
84
94
51
94
52
22
73
52
61
26
70
31
99
80
52
44
29
79
54
79
30
99
83
67
67
59
82
73
58
93
20
61
83
91
90
56
67
22
36
97
60
35
21
46
96
60
84
73
81
71
64
67
47
89
76
71
82
99
29
71
95
27
42
48
71
38
96
59
31
83
71
99
75
35
31
42
98
76
30
38
52
77
99
98
93
33
38
97
34
72
85
22
51
36
56
90
42
42
63
55
96
86
40
50
48
69
90
50
62
20
93
39
81
61
77
28
23
28
94
100
67
79
51
88
23
70
65
88
32
43
75
100
99
100
64
38
33
90
46
25
71
80
40
95
26
45
36
84
87
31
41
98
37
88
98
71
62
83
93
88
91
49
35
39
84
53
71
73
58
50
37
76
54
64
67
73
75
35
53
100
32
83
27
