88
198
32
95
82
46
80
32
34
31
85
21
86
50
26
99
70
38
56
67
74
80
93
90
90
24
72
67
72
83
31
29
58
71
31
79
54
74
43
37
81
47
36
89
50
85
45
92
63
21
64
95
57
28
62
93
28
36
55
68
30
27
75
40
100
22
74
21
99
94
84
70
53
67
35
88
84
92
46
68
69
24
84
44
48
51
100
23
64
44
46
57
70
99
94
67
56
57
81
90
37
72
47
63
64
29
70
64
57
76
38
48
40
87
57
91
79
36
80
79
32
97
34
68
39
48
78
100
54
59
30
89
54
46
34
48
86
66
44
93
51
44
39
51
58
33
22
62
49
81
74
45
100
81
35
40
82
62
85
63
78
54
94
85
63
21
22
92
95
35
58
52
86
20
46
92
42
83
90
61
27
59
51
23
51
44
80
91
31
72
79
68
55
55
52
54
22
96
95
45
