66
198
668
764
504
366
280
735
267
251
724
530
276
619
408
654
610
244
413
739
317
532
218
400
255
304
481
204
692
770
366
242
221
448
751
245
602
559
316
709
206
673
786
495
747
730
598
380
641
619
482
700
418
227
623
408
427
719
424
225
676
293
509
231
764
364
561
748
782
633
731
310
714
455
219
242
666
340
606
786
739
747
597
552
739
446
335
292
376
775
230
346
379
332
281
782
264
534
642
681
544
321
579
339
621
583
447
351
533
466
331
255
302
422
594
355
240
199
260
527
433
373
401
527
200
695
720
305
719
553
413
272
259
642
469
271
313
387
301
641
408
462
479
792
565
258
747
356
651
505
626
390
293
568
700
301
448
363
247
762
565
277
373
499
591
521
463
447
229
720
216
213
282
384
433
340
333
647
300
354
355
735
312
372
539
764
402
429
273
479
563
733
644
420
430
508
726
423
300
671
