66
198
95
72
60
71
99
97
67
89
69
87
94
84
88
68
77
57
91
93
81
56
82
81
90
75
72
67
83
98
76
99
66
52
87
81
68
51
86
95
72
83
100
56
69
68
100
100
72
65
78
59
53
90
59
69
95
95
71
57
50
81
98
57
50
65
83
77
85
99
75
77
90
78
58
77
82
55
65
66
54
56
97
84
77
69
83
84
95
94
57
73
67
98
63
55
98
74
81
93
80
94
84
68
91
98
52
62
86
83
56
65
71
100
67
62
76
95
98
66
81
57
94
85
90
68
58
86
90
73
60
84
77
97
84
92
68
57
87
54
57
99
98
81
66
62
94
79
94
96
70
67
76
68
94
59
51
79
74
77
81
77
59
85
62
73
51
57
85
74
59
58
95
55
69
93
50
69
65
61
76
77
68
60
82
87
57
67
58
77
84
100
68
81
65
66
63
100
58
52
