88
198
54
82
80
53
61
89
73
70
83
94
57
79
52
65
70
61
61
85
96
54
81
51
83
52
72
95
93
80
88
94
85
83
51
52
88
69
60
84
84
88
87
97
86
80
99
97
72
50
96
82
92
76
87
79
72
79
80
92
53
59
75
64
54
71
82
92
78
72
52
79
62
99
70
51
53
90
98
67
75
54
88
67
61
54
81
64
73
53
81
85
56
98
65
65
99
100
81
53
62
96
94
72
58
50
74
54
62
78
79
96
71
55
93
99
73
68
74
70
77
100
63
71
55
60
68
70
50
63
94
62
59
59
66
89
60
50
100
78
88
95
73
84
68
57
96
51
99
80
71
58
57
68
92
74
86
98
62
77
86
77
92
69
88
66
68
69
53
88
52
69
72
100
70
92
63
94
54
96
98
57
54
65
58
82
99
74
92
50
100
71
74
82
96
91
66
72
57
97
