66
198
118
118
99
115
106
101
66
119
95
136
83
105
97
81
112
96
111
107
67
81
49
76
101
143
54
102
125
80
68
95
103
96
115
115
114
86
70
106
97
105
119
115
114
63
93
138
121
110
66
143
101
119
74
87
55
93
71
114
93
87
114
103
88
79
94
81
103
97
94
54
99
149
84
108
60
126
99
124
125
119
107
73
94
88
129
110
72
120
115
92
125
121
97
81
105
93
84
106
71
120
90
106
72
94
118
118
77
94
95
116
95
111
105
105
74
80
123
105
101
62
71
133
97
125
115
73
77
135
143
100
93
120
94
108
66
61
117
107
94
122
122
86
117
79
104
102
80
94
104
95
109
135
125
86
65
94
108
118
115
74
88
101
87
48
82
113
93
88
86
94
110
104
104
137
110
189
81
109
105
114
101
117
90
118
114
107
72
140
80
132
85
105
92
102
126
91
104
106
