72
198
783
760
807
956
960
744
1071
603
1033
922
538
1064
993
633
550
529
660
701
833
580
643
618
882
684
1202
536
451
830
784
831
768
754
813
845
1030
810
869
556
602
771
1131
799
476
654
609
909
708
808
1234
421
1027
799
728
883
869
876
954
712
820
788
610
821
663
858
569
760
510
723
728
870
935
922
653
571
810
628
737
832
729
681
982
777
873
806
681
923
619
851
1234
811
888
829
844
994
1205
899
1052
746
993
794
784
611
840
1068
509
867
739
827
817
1014
440
368
831
606
494
893
831
480
748
673
615
1099
726
405
467
801
519
965
778
736
892
469
551
946
742
916
325
822
995
894
979
772
769
694
860
838
618
692
695
1021
492
764
630
750
871
803
799
882
681
562
910
818
662
1062
1094
908
867
676
848
823
921
1129
762
753
893
1079
772
517
819
727
816
533
794
933
997
944
927
710
818
922
978
872
927
725
1041
894
748
816
