88
198
82
99
59
52
74
79
54
84
52
82
87
45
70
28
23
35
39
72
23
39
95
45
34
40
71
100
71
96
26
77
22
33
61
72
36
49
92
34
91
60
31
72
31
32
61
81
63
98
39
26
95
52
81
25
64
74
27
33
48
77
20
43
44
32
32
77
76
57
59
42
91
32
56
64
99
22
74
23
31
66
79
44
63
85
60
55
80
85
83
86
68
58
36
82
31
21
96
51
57
33
28
76
20
88
72
27
93
27
54
88
28
71
31
83
73
34
22
44
62
39
88
27
94
35
25
57
96
94
70
25
36
52
86
64
84
39
43
50
32
72
57
56
55
97
20
31
93
67
41
21
59
51
53
84
40
32
86
41
87
94
94
33
20
55
74
100
38
59
73
54
56
25
22
98
80
27
86
44
39
59
75
75
34
51
49
29
80
54
20
55
64
57
21
90
86
79
25
42
