66
198
100
142
112
122
87
106
98
101
110
75
92
138
113
88
88
94
87
109
72
93
111
79
108
142
110
122
97
89
115
90
112
90
110
121
116
69
135
95
121
135
76
107
90
112
109
80
92
94
114
99
106
110
101
97
95
72
110
98
122
112
71
103
91
95
102
99
113
85
87
120
101
76
131
82
74
107
82
98
98
95
86
124
106
110
84
68
113
91
74
84
94
116
107
77
91
91
111
106
96
129
97
94
75
117
91
113
91
88
92
137
89
126
78
118
101
85
84
102
138
102
92
95
67
84
110
105
88
78
128
58
87
73
78
105
143
112
85
124
112
117
114
62
90
100
129
85
112
121
82
121
115
149
114
114
115
116
117
61
115
118
100
108
85
109
100
94
85
133
92
71
101
73
119
112
119
98
113
81
145
118
116
88
123
123
103
102
100
122
90
84
110
73
54
105
130
123
98
73
