72
198
54
53
71
64
59
61
83
71
86
64
70
55
61
82
98
68
59
74
95
98
58
93
78
99
100
59
55
50
95
58
89
77
63
87
54
89
92
74
58
92
78
85
90
95
79
55
86
61
73
70
62
89
62
69
97
90
92
62
57
50
75
95
77
97
60
94
51
61
79
81
62
88
67
51
99
78
58
69
67
63
57
88
93
99
92
62
67
68
59
85
61
82
82
100
76
94
100
93
92
94
94
66
54
56
89
97
55
63
80
59
87
97
81
85
76
86
86
92
55
59
100
86
57
86
51
67
91
52
78
100
74
81
82
72
81
55
54
70
86
93
93
57
90
92
98
79
70
60
62
88
61
71
90
51
83
71
88
64
99
51
94
83
90
56
82
58
98
58
90
77
75
84
55
52
83
90
59
62
58
81
52
88
62
53
53
77
59
58
84
59
75
69
51
82
91
52
97
83
