88
198
81
115
71
110
111
107
88
102
111
100
144
158
86
104
74
96
117
82
108
118
92
89
84
87
130
72
67
111
132
81
91
88
122
97
66
72
130
89
98
97
72
109
111
70
92
126
98
132
102
101
109
73
100
64
82
105
117
75
86
91
114
80
74
87
115
122
124
101
159
113
104
104
106
68
85
124
61
85
107
82
87
106
97
82
127
99
104
112
66
110
113
66
93
91
126
102
83
116
128
95
106
107
75
97
134
107
129
115
117
99
119
58
56
104
108
126
115
148
79
110
89
94
102
69
103
86
131
79
90
53
133
40
112
122
81
109
120
97
88
99
101
100
92
105
112
62
89
97
104
103
110
119
98
68
136
122
87
97
87
128
103
81
69
115
104
134
100
92
141
103
66
72
93
66
80
103
82
71
105
129
71
122
77
77
113
92
126
111
91
83
42
141
117
113
107
103
112
130
