72
198
109
72
60
107
73
115
101
121
109
82
75
133
104
129
82
93
76
120
84
89
118
99
106
101
98
78
86
128
84
116
119
116
61
99
141
95
96
90
106
78
129
90
90
102
91
68
107
102
119
79
91
116
65
82
125
89
73
78
139
112
90
91
101
108
105
90
114
89
91
94
83
76
93
108
105
107
91
94
119
100
80
108
87
106
97
115
103
102
114
90
70
118
77
109
69
106
83
102
108
97
108
152
103
95
80
71
91
81
110
119
95
129
117
115
115
105
120
90
122
96
80
106
72
106
91
136
122
115
110
130
122
93
109
106
84
94
75
93
122
101
104
142
81
70
104
93
95
111
118
88
105
90
67
128
115
109
83
87
66
108
90
132
112
118
120
114
110
144
64
106
96
110
93
108
112
103
109
93
105
137
83
101
90
108
111
69
111
88
99
104
81
120
118
84
50
114
85
74
