72
198
664
425
652
373
392
467
204
485
559
251
339
485
659
693
205
568
565
232
247
711
331
750
278
750
349
294
576
313
661
487
474
643
314
702
253
751
390
558
689
748
610
748
450
264
399
630
322
457
433
742
632
427
638
486
565
222
480
589
424
425
262
646
513
354
506
228
789
346
652
453
628
227
493
431
269
548
369
493
517
625
697
628
359
303
574
325
625
706
404
510
723
586
553
208
573
358
319
390
615
730
435
412
719
334
539
720
761
334
757
546
756
399
690
267
501
315
240
458
729
214
280
730
569
324
763
483
694
780
419
735
544
681
376
293
515
332
256
210
721
382
235
748
704
609
355
734
245
258
401
533
661
778
212
343
509
701
261
474
731
449
390
332
564
635
503
595
511
342
545
670
449
310
355
438
621
530
335
440
346
387
236
371
221
456
290
669
623
334
775
287
278
485
300
496
226
414
632
713
