66
198
54
34
27
70
71
29
70
44
79
39
84
41
97
79
42
92
83
53
65
49
45
85
79
92
55
45
29
78
21
96
51
61
66
33
95
71
51
35
45
36
72
90
79
20
26
91
98
66
87
46
76
20
54
82
66
94
47
97
73
20
25
49
78
67
20
88
80
61
47
47
94
26
97
25
88
92
35
41
39
97
87
97
85
77
42
25
85
78
82
30
57
21
54
69
28
53
40
75
85
67
79
79
73
77
29
46
22
45
86
30
33
38
99
70
84
70
21
95
39
84
80
81
55
85
28
34
100
88
48
66
50
31
51
95
36
28
35
25
87
93
80
93
20
49
73
80
27
40
27
43
35
39
54
47
37
53
90
70
96
43
62
36
92
51
93
66
57
57
70
41
77
68
42
37
29
77
64
89
52
24
31
93
37
41
100
36
88
46
60
99
56
53
96
96
72
23
33
32
