88
198
944
846
846
776
558
872
818
848
894
735
974
783
920
651
1185
768
921
788
431
1076
906
702
773
813
372
1087
585
840
390
761
1009
475
822
832
983
746
768
799
964
644
948
776
861
686
862
802
1020
501
620
756
632
382
694
699
701
931
540
1095
507
664
903
923
670
555
673
909
802
833
724
749
513
745
600
994
768
447
461
1146
503
967
1013
762
755
1088
731
616
971
1021
634
674
922
702
642
579
758
867
1058
462
1123
979
746
857
884
790
749
928
675
589
695
1033
813
580
810
1291
773
676
1353
1194
1054
714
930
746
660
849
842
858
578
697
870
583
651
884
505
996
565
735
1086
919
1074
882
741
498
501
923
998
699
1058
784
485
1128
702
400
802
790
933
437
849
729
1125
928
818
417
825
995
872
881
1101
1182
1061
554
729
857
825
703
649
722
449
729
955
631
695
826
991
580
732
575
497
810
770
924
672
750
744
538
927
860
956
704
