72
198
686
516
934
987
736
587
815
484
1249
1045
828
827
935
1079
1071
705
827
1194
811
1048
929
531
751
937
479
1000
1160
898
625
720
606
1028
942
1119
547
1112
990
762
861
477
534
955
917
995
869
881
644
609
673
887
947
726
821
954
885
929
729
914
699
697
852
743
852
548
596
792
592
967
857
914
831
886
242
621
835
1080
903
815
801
726
827
669
705
718
1002
698
784
988
900
905
834
642
651
484
744
649
1012
743
598
1117
706
658
426
1101
752
1064
658
811
919
624
854
1116
693
933
742
773
672
485
858
789
1339
762
932
1100
667
373
755
578
668
1029
661
877
932
596
794
968
536
840
1224
468
964
924
826
967
704
973
982
1060
743
704
422
993
887
968
940
886
728
956
944
701
979
636
600
783
636
631
749
865
639
1033
735
725
952
1102
914
892
994
747
651
567
833
354
408
815
880
641
600
811
866
770
746
747
763
785
871
632
601
731
