72
198
67
63
76
89
69
76
80
73
99
84
93
64
55
78
57
70
58
61
94
87
93
61
66
61
87
59
69
58
90
77
62
62
79
56
51
83
80
61
51
99
53
93
91
61
52
53
95
78
60
61
88
51
97
85
51
82
88
51
80
83
55
61
53
69
74
96
98
58
91
99
54
72
90
72
56
70
100
52
72
78
75
81
78
77
64
56
96
100
79
51
52
64
76
89
97
80
72
67
54
66
97
80
52
85
71
100
73
64
83
99
100
62
74
78
92
71
96
89
80
60
79
70
58
85
51
55
70
65
91
54
94
82
54
76
90
54
68
76
71
50
50
55
58
91
54
83
94
56
58
56
90
72
71
99
50
95
92
89
94
86
64
93
73
100
50
64
76
71
91
58
92
79
89
84
93
71
95
97
62
95
98
100
54
90
71
59
90
69
75
72
79
61
73
74
79
70
75
75
