72
198
519
450
676
702
645
397
668
782
339
348
458
534
375
378
760
543
602
292
431
674
291
433
594
268
334
719
549
497
746
286
410
651
362
345
654
769
254
711
540
385
638
322
587
547
205
713
606
334
622
436
557
454
277
615
407
323
400
697
446
780
396
254
460
555
528
668
781
516
283
662
652
627
241
358
337
570
281
395
548
208
645
257
761
452
755
485
454
509
541
259
384
291
732
726
238
698
394
533
642
330
276
741
645
434
301
637
671
627
613
784
768
246
604
650
468
791
558
422
390
722
437
544
470
396
529
328
788
531
546
383
281
611
417
417
224
396
651
239
352
788
410
637
333
678
338
389
600
258
509
790
679
405
312
532
241
465
223
639
700
787
239
718
708
413
619
732
302
362
621
360
791
256
258
470
792
448
541
714
666
251
746
389
725
504
463
734
468
639
360
750
437
697
477
535
475
367
503
469
