72
198
87
109
86
95
96
129
93
119
53
102
92
73
96
91
112
116
123
122
116
93
95
86
105
134
110
112
86
77
100
101
124
104
93
82
140
109
116
93
93
117
99
73
76
83
89
120
79
107
134
111
134
117
152
109
94
91
110
114
115
104
95
122
110
105
117
93
77
78
102
107
106
83
77
118
127
95
84
97
105
129
101
97
98
89
104
111
100
144
106
96
110
132
110
75
107
85
106
105
114
109
97
78
96
84
111
111
77
131
114
108
121
120
110
81
98
95
99
108
104
110
99
71
86
99
58
103
100
87
107
113
64
61
85
60
103
135
81
89
84
78
78
104
74
68
117
84
84
73
92
94
121
76
88
90
76
84
104
80
138
82
105
139
79
112
97
85
69
104
104
122
93
90
101
102
79
130
84
114
96
115
122
108
116
99
88
105
91
76
111
64
102
93
86
58
96
104
83
93
