88
198
673
243
302
383
519
784
769
349
667
687
367
776
359
439
339
610
353
762
367
660
755
741
753
665
680
657
280
495
786
377
248
750
375
572
595
373
532
747
747
750
721
300
638
283
674
682
363
553
625
776
701
236
650
368
572
412
347
645
533
784
587
634
432
329
379
320
472
242
783
595
550
778
691
284
522
332
486
658
637
552
551
368
614
754
707
673
768
503
551
588
395
604
282
575
782
769
249
620
602
420
673
217
689
712
461
673
322
652
731
610
542
348
328
561
787
235
605
327
227
571
305
414
381
472
279
374
536
756
223
283
305
407
392
638
283
547
303
792
222
524
495
386
688
314
391
268
251
220
563
631
718
451
712
520
385
652
408
422
216
465
718
487
592
707
284
514
517
554
214
464
322
492
421
494
272
247
710
402
718
619
278
722
781
285
247
782
324
489
656
768
566
266
478
247
482
384
306
387
