66
198
79
52
46
36
65
25
16
82
91
28
60
88
78
32
70
33
52
74
44
61
62
57
100
46
38
26
73
85
49
57
6
21
90
96
19
73
97
41
53
90
76
79
48
92
40
84
50
10
99
2
95
67
31
89
96
33
22
34
39
24
54
15
86
39
64
57
26
31
4
85
97
76
68
81
27
88
15
20
46
38
38
5
57
98
92
11
45
72
53
85
86
29
40
79
2
18
44
7
58
74
64
14
17
100
100
50
94
73
83
68
70
93
32
39
79
94
2
95
45
46
26
66
26
11
53
75
76
7
11
77
92
24
94
67
63
55
53
43
3
62
94
82
53
30
47
45
37
60
81
38
16
28
34
31
11
58
54
51
51
57
94
53
75
98
26
35
75
80
27
40
27
47
94
8
86
24
100
16
12
17
1
80
78
41
26
53
18
59
71
81
14
48
88
99
100
80
5
58
