72
198
1002
572
663
688
999
869
587
672
879
771
681
969
839
623
627
863
663
581
792
1086
1160
870
895
651
917
1289
747
761
458
680
795
704
654
745
802
614
721
870
708
884
1021
509
488
664
771
721
697
658
917
1152
384
514
1220
367
895
989
561
498
898
1014
871
813
1093
948
877
979
730
935
774
881
467
909
978
780
801
68
432
835
865
1271
1081
575
808
1086
1105
865
925
667
566
1022
790
1322
634
959
827
1012
807
955
683
911
679
681
433
813
635
1052
657
886
754
931
1024
790
936
233
913
911
868
687
936
654
746
624
725
585
493
713
1064
842
587
787
668
898
944
544
611
800
768
895
655
1111
873
821
779
816
794
817
933
765
737
778
1084
719
971
723
919
900
994
817
1153
1345
398
946
1226
634
753
375
1001
818
578
721
796
1066
398
917
974
912
1051
577
558
1097
591
909
575
752
1126
899
734
1062
1053
736
553
914
605
471
701
709
884
503
