72
198
71
56
82
30
59
45
55
28
68
88
69
42
98
43
49
88
93
73
21
63
40
62
46
50
64
37
97
61
84
45
43
95
56
41
80
42
89
100
69
58
70
65
79
53
73
34
66
69
48
71
42
95
81
67
66
42
36
83
53
56
74
35
38
31
44
78
75
62
83
60
48
60
44
43
23
89
34
68
38
66
43
42
51
93
90
69
43
43
85
74
72
56
48
84
37
26
22
34
30
47
58
20
94
47
66
32
44
49
27
67
70
83
99
65
85
88
65
49
51
77
72
55
78
58
34
36
21
92
98
67
98
85
23
54
59
83
61
48
50
71
99
49
41
46
25
95
26
40
73
67
53
65
84
52
46
44
86
54
35
23
56
98
45
59
95
70
67
92
49
66
40
77
75
20
59
100
54
64
48
31
54
45
37
30
39
77
51
61
60
58
26
43
85
85
51
62
91
83
