66
198
387
702
743
656
842
845
589
342
468
813
504
861
906
568
1053
506
941
663
433
799
818
639
821
135
949
983
971
757
767
1069
400
759
579
549
1161
411
797
748
1078
993
816
1060
566
827
541
736
703
790
821
940
580
911
704
768
694
1185
855
1154
450
878
503
821
649
954
917
966
733
571
1038
850
563
589
1060
396
933
587
970
793
442
892
611
722
903
674
479
800
1037
434
955
611
1074
573
942
472
523
771
837
631
485
561
996
602
896
815
426
1233
926
467
1131
790
783
635
1065
836
479
799
881
1084
736
913
764
963
706
691
912
1136
804
726
1237
806
913
795
738
464
755
636
677
450
1054
593
680
582
1095
715
846
416
627
866
754
637
989
468
934
803
662
629
851
701
866
619
848
670
651
1086
678
627
835
748
655
623
716
716
856
1046
820
1063
585
696
831
832
820
651
973
929
1137
712
393
1099
827
735
974
897
817
836
694
782
811
750
