66
198
64
97
4
2
91
58
97
51
4
90
60
85
44
61
21
10
98
85
75
13
45
11
12
71
58
78
29
93
16
97
55
63
38
22
11
72
81
29
10
80
74
24
83
91
21
62
16
13
56
29
69
43
17
9
75
28
81
39
99
40
57
100
67
78
70
4
9
51
94
54
93
48
37
95
86
72
43
68
37
100
55
85
22
96
10
68
53
62
1
33
95
88
61
66
15
60
16
60
86
4
68
35
30
76
28
93
79
32
69
15
21
38
80
49
28
93
99
94
26
60
93
38
34
49
95
61
87
40
65
86
30
75
41
49
62
37
26
87
1
20
62
12
91
45
60
76
24
87
11
97
48
55
39
72
56
86
30
69
13
25
16
52
51
84
81
30
16
82
79
7
90
84
10
62
65
77
53
35
85
11
52
16
64
67
49
5
46
48
6
56
4
93
48
51
45
91
68
65
