88
198
360
616
389
555
243
594
709
776
387
619
417
255
242
281
471
502
252
280
791
587
279
710
447
418
390
424
506
336
419
276
589
735
681
536
673
362
325
294
642
562
453
665
228
677
464
307
561
264
418
346
749
277
444
700
690
507
523
395
547
210
293
305
726
737
605
491
699
599
709
201
299
431
514
463
505
484
368
286
447
368
616
229
232
247
393
426
273
448
766
563
462
561
210
787
659
443
323
249
495
722
275
526
496
370
484
418
761
224
522
525
434
626
677
445
672
743
387
738
516
495
768
228
749
783
210
538
660
542
571
665
306
636
217
288
647
607
205
294
227
509
375
689
556
347
648
754
752
482
199
571
616
535
349
204
705
768
764
737
375
764
510
745
352
232
608
259
253
299
267
438
448
591
590
757
322
274
549
468
369
343
259
325
539
682
703
376
493
447
379
677
235
710
370
276
425
382
629
731
