72
198
56
11
68
78
29
99
77
76
18
100
33
82
1
70
49
18
36
64
1
74
81
38
57
36
51
86
66
24
21
34
10
58
48
61
97
92
78
82
77
80
80
90
70
29
78
98
79
89
34
5
34
99
85
40
40
69
29
46
88
73
48
66
52
45
18
68
10
32
99
70
92
87
1
93
56
20
15
74
91
41
25
82
61
20
35
93
18
80
8
83
54
1
26
91
100
84
30
13
45
70
70
58
28
49
88
11
86
3
8
21
44
75
3
66
60
8
28
74
21
39
58
20
1
53
96
72
87
82
34
24
17
54
84
89
32
92
91
23
44
43
57
95
35
31
30
54
90
48
30
76
68
71
77
64
71
97
43
30
71
94
7
79
67
24
90
37
69
15
76
9
91
49
40
68
17
42
62
37
85
61
42
90
44
69
13
77
14
28
85
13
68
17
22
29
46
91
35
34
