72
198
50
30
70
47
16
46
61
60
42
93
64
84
79
98
10
33
84
66
49
68
24
48
91
78
16
19
49
51
23
27
29
12
9
55
49
45
15
7
58
91
89
37
10
1
28
25
29
21
62
99
13
52
57
26
67
16
82
32
92
18
13
58
34
57
48
25
30
45
67
2
23
65
72
16
1
37
73
76
63
58
48
22
78
64
75
8
48
35
42
13
35
42
98
25
29
73
98
67
85
24
19
77
71
41
71
76
69
46
87
83
31
2
56
8
43
53
52
39
52
42
91
65
71
81
62
23
71
71
76
31
45
22
96
97
55
89
95
74
62
6
21
7
25
95
72
30
65
49
68
17
79
56
86
6
65
58
27
37
51
64
62
32
19
7
36
26
72
49
59
75
60
78
21
48
19
83
7
70
5
18
89
90
94
56
56
43
73
20
77
77
37
6
30
10
73
32
38
63
