72
198
112
58
165
149
138
133
183
128
95
103
96
81
48
170
172
69
66
131
82
66
83
119
56
124
93
100
113
184
114
248
171
101
58
66
36
196
30
86
33
112
75
58
177
122
118
103
58
150
144
1
94
189
74
160
88
81
93
112
181
67
149
164
77
179
99
91
66
70
178
86
100
137
44
13
94
18
141
22
121
24
193
72
122
77
131
94
118
96
64
115
163
124
110
54
106
177
41
13
127
36
87
129
163
146
64
107
27
163
133
35
136
106
58
109
104
80
113
145
128
164
103
105
63
77
45
53
124
84
13
53
56
168
29
30
133
128
146
12
224
108
180
212
87
41
94
73
58
107
174
109
50
78
254
147
47
85
167
77
118
159
118
47
18
81
72
98
130
85
105
51
98
85
98
156
88
135
173
61
129
121
83
62
136
109
136
84
133
60
160
84
154
63
87
79
27
79
123
125
