66
198
57
73
63
65
61
96
68
82
64
52
63
75
88
100
92
65
54
99
75
57
54
92
67
75
93
65
69
89
95
61
54
81
67
80
96
61
90
98
55
90
76
92
76
91
94
50
100
87
72
79
70
88
91
92
60
96
82
77
99
52
63
70
80
97
71
66
94
82
51
92
71
60
89
87
54
96
64
87
96
63
62
82
98
86
69
97
71
76
83
52
77
86
97
96
77
91
87
76
71
62
54
55
59
85
57
85
83
65
65
77
94
77
93
51
95
54
63
70
67
99
55
53
88
100
54
88
66
53
98
81
79
50
53
63
75
63
60
99
74
93
74
100
79
60
60
51
52
51
65
53
77
73
93
97
100
94
81
52
85
64
84
77
51
54
67
83
100
62
66
92
72
59
93
60
85
97
65
72
62
95
78
64
100
89
79
70
74
59
97
73
55
89
57
98
90
82
62
90
