66
198
36
34
59
74
91
88
30
91
6
97
57
37
6
29
5
45
28
49
37
13
20
41
33
54
20
49
65
62
12
94
83
61
82
24
46
93
42
85
67
20
76
71
61
81
16
62
8
15
91
58
36
9
69
83
94
84
73
87
46
21
41
28
33
3
28
95
80
68
39
34
9
40
73
11
53
13
81
34
46
60
92
87
60
64
12
9
73
81
37
34
60
54
78
4
9
85
68
39
92
67
2
35
7
55
75
10
94
44
8
35
77
13
15
39
73
56
52
53
25
34
82
70
94
12
42
51
1
9
31
28
8
86
11
16
78
4
84
2
75
57
92
71
72
91
39
53
98
93
2
21
16
36
79
37
31
100
37
21
5
62
18
33
45
12
40
49
21
73
59
71
4
66
79
24
19
96
67
36
45
67
2
48
27
11
17
71
10
80
27
75
78
60
28
24
11
74
42
46
