66
198
30
2
70
23
62
84
70
87
44
21
36
36
72
59
2
82
51
25
7
99
65
70
40
17
11
59
38
85
39
36
13
41
60
100
9
22
28
6
83
86
65
58
51
62
30
77
80
24
50
46
32
72
27
87
81
32
57
33
24
44
18
81
78
38
14
31
46
63
28
78
53
46
95
61
49
51
11
90
36
88
81
42
36
85
97
94
52
14
56
72
35
86
87
6
74
23
38
57
4
40
66
40
91
12
90
15
5
50
26
34
17
2
91
80
84
30
45
4
46
54
3
22
17
8
85
55
75
74
52
46
26
7
74
74
43
50
18
9
6
21
15
98
76
91
20
66
41
5
7
72
47
55
66
99
93
91
66
34
21
63
69
68
32
65
15
96
13
71
78
48
11
78
50
8
27
4
18
73
24
56
71
51
31
24
29
86
16
39
43
47
58
62
52
99
100
68
47
32
