66
198
43
74
39
27
91
97
99
38
86
59
76
95
100
87
93
89
73
61
73
61
28
88
68
74
23
49
57
33
70
62
29
49
55
33
48
51
49
89
71
57
100
53
87
42
36
44
99
94
33
24
32
74
27
45
87
100
54
49
79
72
22
23
42
72
76
56
36
52
75
71
75
38
84
58
75
47
27
61
65
45
71
81
51
78
86
61
70
100
36
50
48
59
28
73
50
100
57
85
56
94
39
64
51
78
34
31
52
72
29
84
92
20
22
82
66
96
20
21
36
93
82
22
64
20
80
53
81
53
60
28
80
26
70
54
75
74
55
29
36
83
69
32
41
69
26
49
20
80
22
24
54
62
40
38
48
22
97
27
44
25
44
58
94
22
79
93
28
65
99
84
39
38
25
25
35
24
28
59
63
70
78
92
36
85
30
69
67
30
30
60
97
85
46
62
22
20
50
31
