88
198
430
902
719
480
772
743
1384
687
1067
876
914
544
878
918
1062
983
1148
565
818
801
810
842
720
751
928
561
1076
998
733
850
931
790
627
663
599
910
825
740
809
762
632
817
922
724
697
390
1076
980
724
712
896
469
949
747
584
1087
603
998
743
939
640
833
723
655
799
833
858
954
970
885
779
848
748
789
751
781
501
979
661
845
982
716
519
1041
685
889
1189
473
385
650
811
733
818
510
432
808
320
799
920
1027
825
791
889
960
690
678
881
873
762
607
889
734
1133
556
946
601
597
947
1088
617
1078
887
478
1184
825
560
774
971
603
747
634
812
695
811
649
559
775
830
845
596
812
601
1175
645
991
1170
545
579
985
764
431
623
781
928
701
858
698
884
900
517
629
693
1104
842
1028
960
666
760
487
699
568
914
978
739
827
565
555
846
1107
667
909
892
755
859
837
824
695
440
722
982
854
1036
724
1022
1513
1197
540
784
