66
198
42
25
51
78
80
41
67
61
75
57
46
92
69
47
41
34
96
36
75
90
52
100
71
63
59
34
92
47
37
85
84
65
59
82
36
58
90
28
32
28
74
44
65
25
27
66
91
89
97
32
60
23
72
28
41
83
32
82
99
81
63
42
41
49
37
66
72
70
86
50
31
48
68
84
57
35
92
97
20
83
50
45
56
76
65
21
88
48
100
95
22
52
63
98
88
29
83
78
76
61
91
38
88
23
92
53
54
26
73
75
49
70
66
90
45
67
28
73
45
83
74
26
95
30
95
88
31
85
20
37
51
22
25
69
64
35
33
81
53
39
24
42
34
75
38
44
99
37
68
97
84
69
38
54
96
40
42
50
67
90
65
36
74
49
48
63
36
36
98
24
65
26
93
82
86
69
43
67
56
62
51
39
32
85
61
45
33
88
75
50
80
63
76
26
38
42
70
25
