66
198
113
143
106
96
102
116
95
72
120
120
100
95
91
95
77
94
78
104
71
70
73
126
101
69
89
138
112
95
78
122
114
95
88
88
85
114
90
98
114
97
90
115
75
103
113
89
105
97
92
84
86
116
70
125
73
155
48
83
99
98
106
93
105
87
98
106
100
96
118
174
111
129
64
113
68
145
135
102
110
95
101
88
93
130
160
84
95
98
119
72
81
142
92
96
99
128
108
86
100
132
73
91
121
81
81
91
81
90
105
101
117
94
76
85
97
82
85
80
101
97
125
84
72
74
102
89
124
101
101
79
86
117
145
102
107
84
123
76
104
47
129
53
110
111
89
88
65
89
104
113
78
104
86
87
120
115
68
65
107
93
87
105
105
111
99
90
107
82
104
112
102
123
74
131
118
127
116
97
119
127
92
80
78
101
96
81
124
113
91
91
125
95
76
125
85
91
117
90
