66
198
28
80
118
119
154
70
160
88
91
75
94
117
166
158
135
113
121
170
109
110
93
96
115
115
20
157
109
100
139
142
188
74
106
71
78
124
48
32
191
158
103
116
88
127
147
112
41
159
66
6
161
113
175
77
20
33
56
76
86
46
199
29
59
47
65
152
135
124
17
171
69
159
118
146
146
42
158
21
109
115
201
31
159
47
99
64
164
117
92
145
34
73
169
98
65
161
135
60
173
135
122
55
125
37
130
6
69
99
126
103
113
49
137
26
54
35
152
141
125
61
152
38
67
97
40
126
75
153
132
130
82
82
26
61
157
206
52
34
176
116
20
26
66
68
111
100
211
92
99
87
107
149
138
178
147
82
147
148
110
2
63
52
46
130
188
6
114
166
213
134
108
93
88
74
115
199
60
70
141
31
119
155
82
119
122
137
150
13
29
58
105
75
97
49
104
20
61
103
