66
198
735
556
701
877
1135
621
808
1060
379
812
893
800
727
838
929
643
825
627
761
804
988
653
718
652
672
867
627
675
1016
773
706
1129
481
831
829
587
755
1004
785
643
793
779
741
839
990
1041
808
704
860
886
948
720
686
816
672
794
405
508
728
834
755
733
550
997
880
1116
618
595
646
993
753
694
797
716
577
909
695
730
899
693
986
558
966
802
750
791
910
675
980
708
593
740
1035
738
689
665
896
750
918
777
668
1326
1183
917
997
1059
911
833
1112
871
415
805
756
542
698
901
846
989
874
526
720
964
949
926
834
736
737
1205
728
831
667
657
562
831
685
679
889
899
675
975
853
967
693
610
837
284
604
748
695
1132
617
948
954
513
847
761
841
565
976
606
378
660
1161
876
825
912
341
771
839
926
924
964
945
629
854
740
878
853
642
840
531
815
773
858
724
441
648
986
725
736
728
834
871
767
662
916
355
548
