66
198
70
34
53
35
38
38
23
82
64
74
19
49
2
1
50
4
30
19
4
41
60
64
58
29
48
36
76
36
87
74
8
5
92
45
36
97
20
21
71
16
22
98
3
83
88
56
23
36
97
49
75
10
57
48
27
18
79
94
15
36
93
54
35
82
41
32
70
31
30
32
87
68
3
33
84
94
89
72
56
81
82
33
64
49
20
75
55
31
46
59
7
26
16
81
30
91
11
92
96
18
61
41
74
29
40
55
55
42
70
48
70
37
26
42
100
52
46
97
14
55
60
12
55
80
53
42
47
34
61
97
29
91
40
49
88
12
63
74
85
43
83
83
1
1
52
63
77
67
87
94
79
11
83
4
93
34
10
54
95
62
74
39
64
26
90
69
56
40
64
51
5
88
9
90
69
5
47
9
81
58
83
1
15
9
77
97
7
24
31
64
71
85
61
20
46
75
24
14
