72
198
378
636
450
239
635
241
239
337
343
277
776
225
288
311
290
523
363
416
486
367
235
420
231
370
723
693
586
748
615
762
351
638
568
734
349
503
513
407
421
263
282
459
649
461
395
349
481
663
759
721
403
645
361
680
251
374
337
232
562
312
668
318
368
662
260
408
390
511
537
792
576
467
361
323
441
289
481
616
696
574
218
646
318
705
698
219
473
521
307
397
338
528
658
564
208
622
237
737
539
421
772
685
300
682
406
454
722
417
650
244
751
751
720
613
601
503
552
350
351
467
541
579
552
249
761
497
284
540
215
229
600
408
738
661
363
540
656
301
500
220
780
758
665
405
649
310
600
458
255
401
426
534
285
570
326
772
671
695
441
463
673
414
219
201
355
524
210
279
246
455
529
740
416
611
415
698
324
553
425
635
574
531
650
543
487
355
613
518
434
262
366
495
359
283
374
783
462
202
