88
198
70
124
86
100
131
104
157
113
123
84
104
80
96
62
84
94
95
86
112
93
82
108
130
103
80
118
131
91
106
75
115
124
121
113
105
97
103
77
105
109
99
93
110
79
81
76
119
119
112
105
67
119
48
113
78
99
101
123
113
66
108
101
129
99
134
144
128
100
107
75
95
94
123
75
89
91
99
97
92
130
113
98
136
90
76
85
113
103
132
84
73
80
118
164
119
103
96
103
80
47
111
65
110
89
82
105
87
113
109
93
98
62
115
105
107
92
60
110
117
82
115
102
80
108
123
78
74
90
79
115
95
122
73
92
128
93
81
98
113
108
94
95
95
102
109
90
111
117
74
106
95
115
101
92
89
69
120
119
99
105
100
106
95
107
77
88
98
120
95
66
79
104
99
106
46
97
95
126
96
120
123
101
89
61
109
88
101
116
112
89
106
108
87
109
124
80
127
63
