88
198
130
69
105
65
110
81
132
79
63
163
87
186
70
74
70
102
59
119
124
38
70
72
65
57
131
94
144
68
140
122
99
176
101
30
37
29
157
48
147
130
18
56
134
133
91
101
106
53
133
39
61
67
114
109
132
95
116
153
126
148
52
53
47
157
129
6
76
134
57
118
132
37
156
8
172
42
21
20
164
56
119
123
86
71
124
20
3
166
60
131
32
144
72
72
81
156
108
73
155
133
68
94
19
111
31
39
76
43
91
90
87
85
70
8
86
11
125
101
48
27
109
67
183
80
107
202
123
130
158
81
68
149
78
106
147
49
115
31
133
19
94
120
57
140
24
154
73
75
7
199
136
123
81
77
178
37
187
48
132
50
175
53
43
156
140
116
78
193
66
100
137
99
133
125
155
22
105
69
116
120
115
82
115
106
135
25
126
99
119
167
134
92
95
65
75
118
107
142
