88
198
323
215
700
301
250
495
517
206
443
314
628
587
564
510
369
447
391
335
792
760
673
416
427
408
329
543
491
668
721
638
346
371
562
730
695
240
240
295
428
578
738
243
747
248
440
390
628
779
601
662
634
198
306
748
290
716
215
215
342
443
580
758
618
707
212
342
774
401
568
787
707
312
505
779
587
271
459
383
710
347
300
212
257
728
761
239
543
434
401
332
640
349
374
646
714
460
784
631
677
579
317
724
647
267
445
504
615
516
419
429
601
594
752
531
210
374
245
539
539
599
363
211
707
633
291
757
244
385
635
338
583
674
535
282
426
379
446
545
216
545
539
278
599
268
703
367
459
306
672
205
284
623
349
571
792
268
766
536
621
461
243
770
257
216
580
581
672
211
400
675
514
471
738
729
217
547
641
623
746
227
572
501
786
415
413
482
255
730
391
420
306
476
427
437
738
501
409
587
