88
198
66
28
87
32
10
100
79
48
72
24
40
16
31
38
59
92
20
96
35
64
88
98
30
89
57
53
67
1
67
94
27
19
86
47
96
56
22
11
95
44
90
37
66
3
15
27
39
69
15
72
38
38
57
76
2
33
78
95
93
96
46
15
2
29
2
80
3
12
20
55
69
2
60
41
20
25
48
1
42
53
68
91
63
1
2
5
73
28
83
31
2
58
75
38
3
64
24
100
93
100
6
36
13
33
4
38
25
71
97
94
64
89
55
55
58
21
84
51
73
61
11
16
98
25
86
5
69
75
49
79
32
79
99
55
88
60
76
10
89
45
60
11
21
3
81
27
61
53
56
96
26
80
40
60
11
50
96
40
79
20
33
56
75
41
51
77
24
48
97
7
76
65
34
66
12
99
47
68
11
13
7
53
94
84
59
66
47
35
65
52
26
12
15
88
37
48
39
88
