88
198
82
71
93
73
57
91
73
63
76
88
88
86
78
57
84
60
84
100
56
54
79
69
53
97
63
99
89
80
85
87
68
73
92
98
84
81
50
96
63
68
85
95
86
74
66
62
80
57
89
82
54
82
79
50
63
85
71
97
52
82
99
84
79
85
78
95
87
78
99
61
92
83
98
68
100
91
100
52
67
58
58
74
96
55
66
81
57
67
51
70
89
65
69
68
64
70
58
54
85
95
80
91
99
51
55
57
70
97
75
70
70
75
71
79
82
91
62
76
55
77
61
87
82
86
78
59
59
96
59
69
87
68
87
83
66
65
55
99
74
95
88
76
73
76
53
100
63
83
96
96
61
99
69
80
77
83
99
95
75
76
57
86
97
83
100
93
59
76
59
67
52
78
59
58
55
94
55
81
50
58
92
94
50
57
52
82
99
98
69
89
80
53
93
70
51
86
74
50
