88
198
1088
833
1044
706
636
834
581
876
839
604
674
843
878
729
749
983
823
983
810
918
755
904
1352
909
546
755
832
912
694
706
1060
837
814
638
867
701
1018
747
890
711
928
802
722
450
847
1037
830
850
1052
727
958
993
845
788
1248
637
1008
811
799
1010
734
1000
651
643
1056
1064
327
915
835
363
465
742
1175
444
731
457
894
509
975
488
852
579
1209
679
721
889
842
845
680
688
697
1000
1052
541
1082
903
785
674
920
668
917
833
1056
863
1168
731
561
521
879
867
868
715
645
869
597
911
1203
859
692
838
823
978
681
775
690
834
1204
697
681
767
1136
958
806
471
911
718
1076
693
926
873
693
664
467
789
873
893
374
646
596
888
1169
847
825
562
1073
858
903
724
725
989
604
961
868
639
993
977
785
774
584
867
582
934
658
1339
729
870
815
360
924
991
717
274
634
848
958
692
1070
952
749
989
685
639
870
1136
807
756
1136
925
