66
198
638
939
883
907
584
878
673
668
768
831
870
697
592
1020
427
730
960
609
397
993
1009
725
565
935
979
856
816
1007
501
975
811
1317
757
898
944
541
634
902
552
547
598
1097
699
676
937
855
700
895
925
821
458
645
824
891
692
875
563
801
973
849
849
490
1082
517
847
651
947
794
1009
734
732
583
486
827
961
964
940
850
717
971
1016
1088
602
699
477
920
602
462
576
942
656
914
658
551
966
1166
780
834
984
921
672
633
752
907
669
764
700
470
599
813
913
525
692
923
307
695
994
802
845
745
983
595
998
577
914
643
813
545
769
552
824
724
699
1108
1106
880
772
794
1063
781
780
798
516
784
1193
880
606
1049
651
1136
756
908
1097
592
741
934
813
922
871
638
662
869
1008
1167
1045
810
739
1034
993
834
1037
828
423
705
948
547
1175
847
951
841
965
714
1030
799
942
995
843
987
984
930
983
790
812
657
531
1092
815
713
