88
198
52
83
44
66
64
85
7
17
66
18
2
50
43
53
61
17
64
84
82
93
24
30
60
21
45
64
24
60
36
58
6
48
49
79
74
90
29
78
38
78
11
22
45
42
61
73
72
28
99
57
54
48
49
36
61
33
53
21
96
59
58
53
18
63
24
64
11
10
92
37
2
30
5
7
39
55
35
15
62
96
95
61
59
60
12
5
97
18
22
29
68
35
89
75
76
22
44
97
58
84
5
89
41
22
47
23
70
91
92
78
43
80
7
25
1
67
12
62
21
91
18
94
18
84
70
57
24
89
98
70
62
2
36
20
63
77
59
5
18
8
99
78
49
4
76
2
86
14
10
32
10
13
76
62
56
33
90
27
91
64
57
69
38
33
10
63
87
68
15
39
53
52
76
8
58
31
89
79
84
36
28
73
12
82
26
66
4
8
23
42
65
47
32
33
96
92
39
10
