88
198
99
102
119
118
56
52
54
148
84
95
78
125
126
104
144
108
46
155
53
13
108
43
5
17
85
80
117
201
121
3
65
102
116
158
50
78
40
56
121
187
149
49
146
57
97
38
79
204
90
108
87
83
10
116
97
31
89
103
90
119
53
18
75
61
90
32
75
65
55
130
104
103
266
73
17
161
166
181
76
113
131
61
134
81
53
104
83
95
138
10
155
147
106
33
57
119
128
134
15
125
72
99
47
70
1
122
27
39
161
148
77
63
101
69
161
133
160
75
189
97
62
98
126
108
133
114
89
70
133
183
73
118
49
141
156
108
207
65
91
156
188
159
127
112
42
168
133
98
28
88
60
221
113
62
161
121
77
51
143
45
29
37
182
85
27
107
84
174
86
129
72
198
141
86
46
84
128
70
163
103
182
77
55
192
29
102
133
72
100
165
172
159
74
116
92
42
89
15
