72
198
93
61
70
119
79
137
102
133
114
127
28
131
219
62
143
86
49
121
130
37
128
126
225
43
89
239
79
38
82
46
75
105
107
47
5
187
216
105
88
64
118
124
123
59
51
116
131
100
90
106
146
53
169
140
163
63
89
96
1
100
87
107
20
74
114
210
101
98
110
118
97
167
24
46
75
104
206
56
10
201
146
71
32
78
126
78
78
233
144
13
133
158
118
30
117
124
70
186
19
82
106
139
96
104
62
172
132
114
2
77
159
30
97
135
92
28
157
112
137
109
64
82
131
69
126
87
94
81
72
54
93
154
103
33
82
80
51
117
96
137
91
63
93
158
73
49
83
75
123
135
99
129
61
26
78
114
92
117
104
167
100
57
154
145
36
95
122
87
91
115
146
108
136
153
18
108
76
87
72
190
112
105
182
78
113
151
90
99
116
79
124
76
47
34
92
10
84
144
