66
198
65
58
13
79
53
54
12
36
86
3
5
38
61
88
54
39
60
40
95
29
48
40
8
82
97
79
74
85
9
73
39
92
29
71
57
100
15
56
7
97
53
42
87
70
12
45
58
76
56
50
14
99
62
19
75
39
89
62
44
66
39
32
46
80
36
28
29
38
48
86
35
94
84
26
7
67
59
95
53
64
70
66
35
2
16
91
86
34
38
21
99
36
8
73
11
5
59
87
80
4
98
59
43
61
35
61
55
58
82
62
63
35
39
91
3
34
67
27
48
76
74
96
91
49
78
59
87
39
68
66
76
69
21
70
40
10
58
24
86
43
92
91
88
9
19
41
66
83
22
53
88
17
40
31
24
32
89
56
21
5
73
28
29
78
28
80
4
50
3
5
42
35
81
20
52
11
7
12
16
46
83
69
38
37
67
64
39
26
52
2
93
11
88
27
32
34
63
51
