72
198
33
67
58
98
11
74
72
23
60
33
30
17
50
56
99
21
23
67
44
16
76
13
96
49
56
38
41
90
26
92
12
7
57
47
42
34
66
94
12
65
28
67
33
25
42
59
68
100
11
53
52
3
97
3
41
37
28
80
84
98
66
74
44
11
12
50
13
96
77
51
5
89
52
29
54
41
82
10
38
7
49
71
99
23
81
72
53
27
56
84
94
73
35
8
7
70
9
16
68
6
55
86
85
43
81
47
57
4
13
50
33
85
17
95
48
4
69
35
21
62
69
88
27
33
82
96
3
75
41
86
2
26
47
86
58
96
12
95
10
15
5
12
40
47
89
55
22
6
49
46
85
39
62
37
34
58
44
66
53
25
1
89
52
99
20
85
75
8
9
71
73
84
51
80
46
56
15
92
42
79
11
77
23
76
4
96
76
67
30
75
39
40
49
95
50
32
67
66
