72
198
230
95
190
70
97
47
97
60
77
154
119
124
169
59
215
75
113
67
116
125
33
74
173
128
95
90
102
3
38
133
16
98
185
97
16
63
148
100
31
27
90
135
52
162
137
137
119
140
165
51
140
138
93
37
89
24
10
125
112
1
12
56
201
22
90
59
81
79
171
130
121
20
128
71
109
177
40
103
127
114
41
45
34
73
48
78
78
161
162
129
104
38
121
127
152
65
121
106
142
148
97
68
72
170
117
95
43
46
204
175
109
132
33
34
87
67
129
121
98
100
55
26
125
43
106
103
130
148
18
82
15
178
16
100
107
209
33
148
179
173
106
150
205
125
82
45
130
91
118
148
100
64
48
12
43
120
196
136
112
49
128
168
102
165
49
78
151
91
155
98
114
174
129
103
73
105
157
131
57
65
74
147
45
92
95
131
165
135
67
140
25
65
9
39
18
92
84
150
