72
198
42
16
27
80
60
20
26
38
88
90
97
16
97
53
8
59
48
96
16
19
32
70
57
54
99
70
59
81
13
57
37
11
10
36
79
86
22
19
94
67
80
25
60
89
51
67
84
10
16
16
93
85
70
9
32
70
46
69
29
8
19
74
61
79
18
26
80
27
99
66
26
86
33
89
1
51
67
46
45
74
51
86
49
87
10
19
12
53
7
52
64
15
69
17
25
25
66
76
73
21
98
5
31
51
34
13
56
95
14
19
18
94
67
89
53
8
89
32
78
76
82
42
46
91
71
28
76
26
44
63
59
49
85
67
95
2
67
55
90
66
52
90
15
35
89
87
4
17
24
11
50
9
49
61
25
64
55
23
91
49
8
87
29
38
97
48
32
57
41
80
8
80
58
7
22
100
49
89
36
73
69
72
88
56
20
83
27
12
54
3
15
32
8
70
42
82
40
14
