72
198
85
73
62
76
74
54
67
64
84
69
99
59
72
93
88
70
73
58
71
78
86
64
98
76
60
54
57
68
57
68
96
71
93
82
72
82
66
93
85
93
55
89
61
86
97
93
72
84
70
98
50
78
53
100
51
70
54
68
73
55
99
98
80
89
89
93
84
71
56
88
70
91
80
68
56
65
53
75
88
57
54
89
82
98
66
57
77
72
94
55
63
59
62
89
76
56
60
84
62
77
70
68
61
67
66
100
60
91
91
78
71
51
88
68
73
90
98
72
79
71
53
67
84
64
97
64
53
58
72
91
66
59
52
73
56
59
60
77
89
86
52
76
57
90
60
83
59
85
88
73
81
70
100
61
78
75
50
99
81
92
87
71
64
85
74
50
96
66
81
52
52
70
65
69
53
87
56
59
85
92
88
72
56
98
57
51
75
78
59
54
65
80
58
54
92
80
75
67
