88
198
105
98
112
83
108
77
126
86
90
97
116
102
93
77
107
75
111
124
118
117
84
117
126
118
115
105
116
112
86
81
126
124
140
105
90
113
112
50
81
119
105
81
94
90
89
68
87
92
115
115
96
106
63
105
111
84
127
115
102
103
67
80
121
88
106
125
100
92
76
122
100
59
94
71
121
88
96
84
119
137
114
92
113
123
96
101
105
92
104
111
85
103
82
96
125
112
80
94
107
103
81
131
80
109
122
89
106
69
65
84
60
80
86
124
106
130
90
100
101
87
103
100
75
56
80
72
97
109
127
89
81
116
87
85
86
91
93
117
70
120
120
101
99
83
119
106
64
106
102
69
126
87
98
120
128
59
115
131
96
114
122
116
85
103
83
105
99
109
121
104
103
91
117
114
107
119
82
107
114
69
30
123
83
116
109
101
80
110
89
125
121
83
120
112
80
93
99
84
