88
198
77
53
38
1
1
79
100
201
100
43
167
56
98
52
106
113
33
94
134
121
56
121
139
119
74
205
78
139
89
159
172
191
186
188
141
85
94
180
69
116
128
204
77
146
92
142
13
110
115
118
38
165
202
116
163
142
70
30
213
116
75
115
47
26
267
143
166
21
157
61
155
15
87
70
127
55
160
173
24
90
200
80
22
78
38
191
118
214
94
66
61
58
89
105
181
178
109
170
142
140
62
168
114
99
105
34
30
126
46
50
113
174
13
94
94
109
60
37
140
97
144
113
139
142
129
150
57
23
37
116
137
95
83
167
94
87
90
40
152
93
43
69
89
38
24
6
99
97
89
40
125
155
179
138
147
108
115
60
148
164
87
111
220
68
151
98
177
157
47
120
143
18
120
92
132
60
11
111
72
98
153
180
106
145
129
150
166
133
3
64
86
87
85
38
128
129
160
44
