66
198
68
40
97
89
98
87
35
63
73
57
74
25
27
80
22
42
94
27
76
65
47
86
33
42
26
46
97
61
22
52
79
44
62
76
45
77
99
50
36
45
36
23
36
98
78
70
55
46
41
71
83
24
87
54
96
94
92
98
98
20
48
56
28
27
75
51
46
23
87
59
42
28
66
95
100
88
40
22
21
90
65
59
56
25
88
63
25
77
35
53
75
38
55
32
81
69
64
39
38
51
26
80
35
26
54
93
49
48
42
59
95
77
85
76
55
27
80
35
63
49
56
36
51
40
46
63
52
27
63
93
41
50
87
69
77
55
39
97
84
74
73
41
64
31
56
47
58
48
88
37
51
41
80
37
86
30
60
37
89
53
33
76
84
40
32
69
35
100
65
69
42
68
21
78
81
73
35
39
80
91
94
100
78
73
22
93
61
38
90
62
31
40
82
90
74
85
25
40
