80
200
675
609
307
559
374
326
715
285
708
652
365
535
522
694
775
363
459
681
787
673
351
552
280
439
310
718
569
518
790
602
484
754
799
364
733
310
328
208
304
511
485
307
262
691
224
701
773
512
664
786
670
647
364
205
220
503
507
429
352
708
770
524
438
265
396
737
216
545
367
611
449
662
232
402
396
703
227
737
330
588
434
731
366
530
720
380
281
216
312
445
496
708
582
711
767
572
313
658
260
226
707
509
232
598
427
690
785
396
383
617
572
604
501
576
640
226
741
262
744
490
605
370
669
580
535
685
299
248
696
638
663
401
525
232
571
651
717
513
362
353
306
799
375
773
637
704
412
222
322
508
745
758
575
746
743
714
471
623
770
790
718
284
301
506
476
580
620
288
719
562
359
765
295
441
443
242
418
728
655
648
765
396
352
332
273
322
697
572
736
204
620
686
487
547
534
632
240
212
237
612
