80
200
76
70
35
41
38
50
3
62
13
92
67
48
12
42
28
66
18
14
6
66
42
20
38
32
67
63
19
31
31
67
12
77
65
38
97
11
71
97
47
31
72
53
91
22
60
7
72
43
78
36
38
37
66
71
69
28
73
22
31
72
53
80
99
85
20
32
42
1
46
14
61
13
69
61
66
90
81
17
77
68
18
45
86
94
70
13
85
33
30
19
44
39
79
69
3
74
69
21
88
31
62
23
39
3
13
31
56
56
91
14
9
94
78
13
63
75
12
70
72
46
82
92
32
92
63
83
70
78
30
34
29
73
76
2
78
16
36
96
4
5
58
70
60
45
25
79
60
48
32
2
79
66
45
4
16
89
66
64
55
5
85
57
66
3
76
100
9
15
95
31
38
48
24
60
74
53
49
34
11
47
75
94
72
80
81
96
74
66
34
100
1
69
32
77
8
5
57
19
8
54
