80
200
141
180
158
140
70
163
83
176
149
37
7
41
45
135
107
90
92
37
96
16
181
34
211
90
96
120
131
129
153
135
98
5
54
54
114
92
70
93
124
113
90
138
86
26
110
126
93
38
87
82
182
125
56
84
146
4
143
135
212
190
115
39
96
29
22
81
130
149
68
128
97
110
12
53
139
60
157
63
115
140
128
116
93
163
47
114
97
24
11
127
4
44
127
113
78
51
61
164
79
129
93
79
82
16
128
147
98
65
121
121
43
84
122
49
65
64
97
144
12
3
92
134
118
20
90
71
42
90
76
40
96
57
150
27
51
153
21
59
102
39
103
29
97
177
118
94
165
98
124
112
114
173
138
73
35
186
58
93
68
35
95
115
61
57
184
92
56
173
118
218
172
71
147
189
91
117
69
69
130
105
71
34
170
168
126
115
124
192
117
195
161
63
43
42
4
130
125
108
59
26
