80
200
101
93
107
110
97
99
123
94
124
116
140
97
66
101
138
88
96
89
65
101
96
148
92
105
91
95
121
88
105
126
62
82
82
88
95
129
92
82
116
113
90
108
112
134
108
84
119
121
99
112
98
107
124
87
84
107
143
78
148
110
71
114
110
103
82
111
80
67
100
71
104
107
114
121
71
130
107
88
111
113
86
91
111
79
79
108
51
99
71
98
105
118
130
92
73
114
98
144
126
114
108
100
129
122
113
107
75
100
126
128
97
99
115
109
82
73
74
138
117
104
102
103
115
117
109
78
112
74
96
97
95
64
109
84
109
97
97
90
99
86
81
92
123
105
92
142
88
94
85
103
109
110
108
145
67
105
76
113
74
113
104
83
91
73
95
79
118
85
118
74
87
88
90
129
119
80
91
82
70
94
112
118
94
85
99
140
101
105
103
101
96
90
90
81
69
119
98
81
60
81
