100
200
201
557
389
669
529
638
735
410
452
545
435
429
518
656
447
599
675
767
438
453
223
513
783
232
753
296
288
662
280
758
373
426
792
791
430
582
602
232
281
749
214
527
626
380
547
622
311
310
800
329
240
693
357
238
599
713
723
287
622
378
626
557
721
368
432
289
631
622
678
291
474
398
601
748
237
717
309
706
374
465
450
405
515
791
767
360
312
430
539
545
781
388
275
251
445
595
761
530
749
457
335
551
237
221
734
469
710
761
263
733
649
232
476
525
518
775
790
472
330
337
453
246
218
205
703
743
559
569
569
590
208
661
631
509
351
701
611
583
442
697
232
303
658
530
745
609
634
519
382
236
392
651
462
358
427
466
355
457
762
723
407
485
791
232
582
586
306
368
242
580
311
331
761
365
783
605
221
667
588
213
379
600
343
431
553
312
610
448
506
307
375
438
751
436
799
552
444
265
548
592
