80
200
64
88
55
100
65
74
55
57
69
66
52
56
64
56
61
66
65
69
82
52
81
99
90
60
63
79
63
92
63
97
95
93
67
62
73
80
70
72
64
87
75
57
75
75
94
77
73
87
70
100
95
75
75
64
78
61
85
97
87
60
56
72
50
92
70
76
60
62
83
69
89
99
51
57
100
60
52
55
61
76
53
62
59
100
99
58
82
70
67
63
78
53
79
67
53
60
59
52
83
65
72
96
79
72
96
72
78
100
58
76
69
52
61
67
69
96
79
75
76
74
82
66
91
74
55
80
67
55
93
52
88
61
83
90
64
60
78
96
81
76
72
86
91
53
59
84
73
67
84
52
55
66
77
82
80
58
63
85
82
81
69
69
84
96
67
91
94
50
83
55
74
78
68
78
52
75
81
98
84
70
61
86
94
98
76
68
93
57
62
81
77
91
93
95
70
68
84
73
81
74
