80
200
2
15
55
93
19
85
61
55
10
38
49
70
32
23
24
78
94
27
13
7
62
38
62
14
72
38
72
83
74
83
52
2
73
34
78
7
22
24
74
78
39
51
56
69
70
30
26
92
66
48
69
25
20
72
80
82
33
90
83
1
71
11
100
92
73
74
53
89
29
63
52
83
70
79
76
41
97
21
80
16
94
98
11
8
91
35
83
64
66
13
99
76
6
45
85
92
82
23
24
57
6
7
64
93
54
70
79
21
42
9
73
40
27
8
19
40
53
58
9
54
81
94
10
65
61
36
59
31
32
29
72
35
67
68
22
51
97
34
53
19
75
98
24
93
86
5
43
14
89
6
25
47
18
41
37
7
92
64
20
88
30
8
20
7
69
33
46
67
44
34
21
93
5
31
10
2
70
43
27
75
35
45
89
11
85
92
25
81
44
69
15
26
65
47
96
19
21
50
24
82
