100
200
69
82
66
100
100
35
32
20
82
36
85
75
45
61
41
67
89
97
64
79
76
85
73
82
63
37
69
77
40
92
27
73
92
42
33
26
53
36
62
91
100
30
66
87
39
52
32
87
99
28
93
87
29
39
27
43
71
51
91
60
71
81
77
25
37
70
93
74
42
85
94
45
92
48
91
34
28
78
58
46
70
23
52
35
58
62
95
70
63
86
45
95
89
84
42
51
48
20
74
53
28
60
84
74
58
82
93
57
94
45
91
58
32
93
43
55
82
23
24
48
42
66
94
79
82
90
66
28
20
87
90
70
56
32
63
58
67
96
42
69
33
31
28
74
28
90
56
29
83
76
95
34
35
60
75
21
56
71
24
28
53
69
71
34
40
63
30
29
59
22
21
52
96
95
67
65
47
30
37
31
82
32
94
20
82
88
96
32
65
28
87
31
55
83
89
99
87
34
25
85
