80
200
61
98
53
25
94
97
67
76
45
47
43
75
100
63
55
88
32
72
43
57
46
30
46
39
48
61
66
80
99
86
82
76
89
90
100
86
65
87
83
78
40
93
54
45
27
97
48
93
45
42
62
84
70
76
20
90
63
33
99
65
78
55
79
37
33
96
30
60
52
26
20
44
96
24
67
36
52
72
89
31
45
72
35
97
95
49
85
71
88
29
62
88
83
92
41
67
49
20
61
70
72
26
59
100
71
52
90
96
84
61
70
100
89
74
65
52
93
50
100
45
58
69
63
86
76
61
99
97
70
99
62
91
53
94
50
75
100
37
30
22
32
58
38
37
62
24
95
25
24
45
82
42
44
61
99
73
81
68
53
69
66
37
52
92
52
59
21
74
99
62
80
27
20
34
37
84
90
55
100
34
65
75
47
87
30
20
84
84
89
51
71
48
28
28
67
36
77
30
76
97
