80
200
98
26
30
37
32
32
57
83
28
71
82
84
46
97
59
35
66
36
27
48
55
98
53
47
95
80
20
57
49
62
37
78
59
88
92
66
38
80
23
57
41
40
66
68
79
44
75
23
61
48
87
62
93
74
93
33
29
47
78
56
49
50
58
53
58
83
72
58
88
42
25
35
63
45
71
68
30
88
63
33
28
35
22
84
65
28
88
35
65
27
37
90
100
97
72
93
60
55
26
65
39
99
82
38
67
90
26
36
68
62
100
67
97
54
80
95
42
93
69
84
30
84
44
31
96
40
52
63
61
78
65
100
30
82
32
82
30
45
65
27
24
70
25
30
45
79
44
47
89
32
96
98
89
24
42
40
100
21
94
73
42
30
60
84
66
32
26
69
31
28
74
93
22
69
66
45
24
44
46
63
87
90
58
75
48
46
78
83
33
87
51
42
54
38
87
36
97
88
32
68
