80
200
89
88
18
75
48
54
37
11
73
50
43
96
55
5
57
18
78
91
70
8
78
35
50
17
2
20
7
15
30
84
5
7
61
67
64
68
5
61
8
32
74
33
43
23
69
73
39
41
99
9
33
53
18
23
10
88
16
97
77
13
20
47
9
56
23
42
68
26
75
1
89
7
87
93
36
98
49
86
22
69
35
24
88
37
36
87
48
78
100
80
30
1
63
73
95
43
77
91
39
26
39
42
58
62
76
1
40
40
99
73
15
28
22
17
7
36
7
41
55
56
57
19
9
2
74
88
43
99
27
81
77
12
10
87
38
58
88
87
28
11
7
51
34
71
97
56
17
43
96
53
22
63
54
87
9
22
11
25
34
1
58
93
69
1
24
68
14
43
12
78
57
22
95
65
13
85
53
67
22
64
53
67
54
44
3
77
34
79
95
7
38
34
23
90
34
37
66
71
50
68
