80
200
765
297
571
752
762
524
376
290
342
607
640
604
631
310
410
627
378
766
298
425
636
572
256
746
338
764
692
543
713
268
733
752
446
430
636
783
391
400
353
293
763
315
567
776
314
454
224
715
231
746
451
795
354
272
399
728
547
642
365
301
744
670
242
252
627
260
284
525
541
744
522
668
211
644
523
445
228
315
780
672
386
613
512
386
379
785
798
504
400
452
379
465
201
507
782
660
245
248
250
790
690
382
589
293
465
699
627
562
775
731
791
742
402
772
629
209
520
415
347
287
234
585
462
455
445
690
379
369
601
433
462
292
276
236
465
693
645
363
549
385
717
588
488
216
648
645
609
443
509
620
396
556
636
525
267
566
553
715
725
357
628
532
795
633
799
382
573
487
219
773
609
741
417
356
239
453
259
276
309
356
469
684
601
365
610
601
423
305
718
460
454
371
666
635
475
610
662
636
455
522
