100
200
77
117
92
55
94
73
111
82
129
57
124
125
72
90
85
85
136
98
77
102
106
136
128
93
108
138
137
82
75
76
85
101
50
110
94
103
125
78
114
76
138
96
113
97
93
103
110
98
98
106
141
83
106
80
118
105
114
94
89
90
103
77
94
129
96
88
94
86
129
86
92
123
122
110
56
120
120
86
104
71
62
101
137
80
121
75
108
125
64
112
60
62
117
115
72
109
111
93
84
128
82
116
74
88
89
124
124
124
105
122
119
106
126
105
109
104
132
92
103
116
89
86
94
50
111
108
64
125
78
86
89
111
47
131
104
104
106
115
153
114
91
88
88
130
78
123
119
80
110
119
104
53
103
94
110
113
92
111
123
51
113
86
124
124
92
101
88
98
107
86
89
66
113
150
116
56
97
72
86
116
74
72
95
128
99
92
111
105
114
103
79
117
109
46
104
98
88
98
86
104
