80
200
62
62
70
56
71
67
71
60
96
73
52
66
90
53
82
91
66
59
57
78
92
63
95
73
52
85
93
68
76
94
55
77
81
91
51
63
94
81
72
70
72
57
94
54
65
70
65
69
78
84
55
87
70
66
68
92
72
56
60
100
75
96
70
88
87
81
91
69
56
73
100
81
72
99
56
81
59
76
78
54
87
64
62
52
85
62
100
54
60
70
59
56
96
70
63
66
52
52
100
99
57
55
58
87
85
85
75
93
99
54
84
50
95
50
84
96
94
90
54
60
68
97
59
98
94
73
84
87
100
81
62
61
72
58
62
85
59
78
63
65
57
81
81
58
70
84
86
64
66
69
86
68
92
58
88
72
74
87
77
86
97
99
54
80
60
96
64
89
78
75
68
60
94
89
64
71
80
96
82
62
76
70
91
82
58
83
88
52
80
57
90
72
95
94
85
80
90
59
70
56
