100
200
77
154
70
88
82
81
67
220
182
73
60
69
109
16
42
39
94
213
46
68
149
123
91
186
150
35
184
141
160
45
69
91
125
172
192
90
81
104
104
87
121
176
149
139
65
138
63
63
111
124
125
124
64
90
81
80
87
157
75
135
110
46
60
53
94
122
103
38
63
139
94
83
107
79
124
47
133
106
87
131
71
51
153
118
56
12
73
108
35
78
180
89
122
208
176
36
95
116
67
150
68
159
88
209
140
109
13
15
147
14
114
220
103
121
84
100
47
96
247
48
129
130
153
141
82
168
170
89
169
79
174
132
75
177
106
94
100
64
8
197
99
10
147
145
46
36
65
109
34
157
21
97
106
58
71
120
158
157
140
10
53
157
81
100
71
1
86
55
108
40
149
71
89
42
95
158
110
129
60
56
92
54
216
52
123
126
122
63
86
157
152
173
91
82
88
198
127
79
77
37
