80
200
87
57
72
90
73
63
70
97
51
78
89
84
92
54
51
67
61
59
51
99
58
97
56
81
67
100
90
65
65
56
100
83
75
56
64
66
98
56
55
77
98
50
79
50
91
87
77
68
66
94
79
76
53
95
64
71
82
100
66
75
96
94
100
75
66
82
71
100
69
99
75
71
79
62
96
70
96
67
59
57
98
83
56
74
51
80
65
68
92
74
86
62
72
54
91
96
69
65
84
90
81
55
53
58
81
51
77
63
79
77
51
62
53
71
84
72
72
96
83
74
65
94
78
51
80
80
76
56
99
96
84
87
73
86
65
99
70
50
65
98
59
71
100
53
97
64
62
65
86
50
61
56
86
73
84
69
89
55
70
61
73
76
76
100
81
97
56
85
77
77
54
69
50
84
84
65
76
50
89
86
79
71
61
60
85
87
76
73
73
68
76
71
96
59
59
99
65
86
93
81
