80
200
99
92
82
85
73
85
70
95
91
67
74
86
51
79
57
99
93
79
81
73
67
51
91
54
92
66
89
59
65
79
78
61
76
95
85
65
71
50
58
70
75
60
71
99
69
82
74
62
81
58
87
94
52
79
62
87
72
81
91
86
63
61
71
57
84
69
100
99
55
52
76
63
65
77
80
61
56
66
94
97
77
58
85
87
70
75
52
84
93
95
55
94
88
68
59
54
58
52
50
87
90
71
57
94
76
58
86
85
51
51
55
78
71
60
69
72
64
70
84
80
61
73
68
96
75
65
67
72
94
69
54
82
55
51
90
53
86
53
60
59
71
64
64
98
93
74
72
99
63
65
83
72
94
51
64
97
97
99
77
91
65
53
62
67
78
80
53
99
50
67
66
86
51
56
68
78
91
73
98
81
68
91
54
59
56
100
64
67
81
76
87
61
70
89
90
60
63
54
75
58
