80
200
100
170
217
71
104
69
198
127
104
133
169
38
82
56
11
134
159
124
135
20
87
154
53
120
111
43
30
156
67
129
138
120
136
104
86
106
23
97
98
184
85
106
2
102
116
149
5
169
60
6
35
151
113
20
76
101
145
126
2
46
104
110
90
121
192
89
88
119
134
93
251
80
62
60
46
26
71
121
22
196
179
119
235
85
67
37
125
90
154
138
98
122
36
112
142
129
66
146
183
149
191
55
158
157
137
97
169
88
25
30
104
72
121
184
145
126
132
169
143
97
31
133
92
153
165
48
77
22
64
152
92
111
55
85
161
72
152
68
55
10
114
3
89
46
90
130
47
112
58
134
185
50
96
144
255
90
227
91
93
101
93
54
9
144
18
53
155
60
73
102
181
80
168
75
77
126
126
117
117
118
55
120
205
122
104
25
72
176
54
153
82
79
128
113
95
67
116
151
51
75
