100
200
225
595
671
588
625
785
603
677
330
632
470
359
280
682
293
459
646
210
531
239
216
674
667
230
605
274
610
524
632
798
647
521
478
599
444
340
370
528
317
762
369
667
262
390
212
742
757
411
462
560
570
237
464
705
753
445
782
627
464
734
690
205
558
615
465
315
593
464
501
216
300
463
409
255
215
673
403
441
335
358
250
426
593
303
313
419
443
608
385
324
366
548
346
657
266
598
608
552
258
774
767
202
800
561
346
420
449
568
440
335
798
760
201
305
522
224
716
769
660
323
201
354
338
256
259
475
515
399
750
363
800
556
375
335
292
592
797
287
389
581
754
637
690
525
651
501
236
325
634
483
429
548
588
695
648
741
568
585
743
643
589
342
443
205
471
357
670
227
601
384
799
316
500
633
573
624
210
454
492
691
293
658
543
426
403
262
247
359
326
243
763
397
649
527
392
391
323
794
459
636
