100
200
46
92
24
81
30
46
52
3
78
91
28
46
97
96
31
40
18
92
80
20
30
41
58
20
78
63
72
28
5
55
43
31
42
52
99
2
82
90
2
83
33
78
72
68
86
78
58
76
76
69
73
25
23
47
92
51
49
2
72
44
76
13
1
16
19
40
34
2
23
97
51
96
88
66
28
31
67
94
94
36
42
83
73
46
86
34
79
39
11
81
10
44
38
19
84
61
43
48
68
94
93
65
78
78
45
44
56
47
31
92
18
81
11
14
61
93
74
32
71
84
83
34
19
51
77
46
4
25
38
4
54
63
90
78
41
44
68
40
10
100
27
6
9
13
91
45
24
96
89
46
42
62
84
56
45
43
82
46
31
37
92
32
42
25
92
22
60
9
39
28
47
39
16
79
98
83
54
96
10
84
68
32
63
17
99
93
51
57
47
20
68
36
95
19
87
33
21
10
84
45
