80
200
97
68
141
61
89
104
163
67
193
53
169
91
133
130
117
79
29
60
59
77
111
195
142
109
128
151
107
162
58
94
85
135
98
122
223
135
73
2
141
64
183
173
42
103
28
96
125
101
111
50
95
88
117
49
123
9
135
149
97
64
151
52
93
71
102
63
80
66
47
98
140
4
69
104
140
99
54
89
138
91
3
120
83
82
45
99
171
152
55
109
133
155
107
149
181
7
123
111
167
82
121
93
147
10
157
87
113
8
175
130
109
114
72
119
125
46
167
58
67
171
118
29
84
111
132
102
186
88
70
75
152
59
115
85
96
177
55
111
79
28
67
133
7
9
69
100
75
117
37
128
75
104
77
135
26
161
207
87
106
68
14
128
50
81
151
14
66
17
116
114
111
108
62
86
50
85
76
109
116
50
207
30
88
162
19
155
102
63
42
1
93
123
143
105
81
51
21
40
74
148
