100
200
170
70
106
29
157
7
106
161
107
23
142
182
9
126
119
131
67
84
49
107
12
150
195
23
77
161
32
68
90
87
110
171
75
155
95
61
136
74
112
27
135
154
147
122
27
122
36
93
102
40
18
136
56
105
79
77
112
11
55
229
113
140
173
14
40
114
172
198
103
73
182
176
110
60
54
91
143
99
194
87
137
79
149
13
194
117
155
120
113
163
205
34
1
70
140
212
95
107
117
77
47
149
145
136
21
86
103
100
52
50
37
19
50
61
123
177
135
52
92
15
180
161
168
158
120
133
159
147
86
123
79
172
67
180
92
19
43
184
82
33
159
85
88
105
112
99
28
73
114
44
39
22
42
41
177
87
98
76
55
185
79
138
92
32
173
119
19
72
52
106
212
85
147
43
143
38
66
149
142
44
66
106
135
185
103
90
84
184
92
153
71
44
85
120
107
44
161
62
69
103
