100
200
61
86
95
69
59
73
95
90
96
82
62
82
65
83
74
80
93
73
84
88
81
100
92
69
74
53
81
94
95
92
60
88
82
52
69
87
57
84
80
51
58
81
54
54
56
80
90
80
63
75
73
100
84
59
55
76
85
86
78
76
84
99
73
88
55
91
59
98
72
89
98
56
55
89
84
98
66
75
70
50
56
78
63
60
72
75
97
51
55
81
71
89
54
83
76
60
60
72
52
60
80
97
91
69
87
86
93
97
67
81
69
96
83
97
57
79
69
63
81
83
79
87
50
91
77
96
65
69
99
78
93
69
70
63
66
83
78
51
72
68
51
67
85
74
50
90
63
50
64
86
63
91
94
62
53
55
57
78
94
92
59
54
56
76
81
81
67
98
73
50
78
87
94
63
61
78
57
75
96
78
57
57
96
69
99
75
55
57
68
61
96
69
74
61
67
78
50
62
62
52
