100
200
99
90
81
75
79
83
76
67
97
80
70
63
80
83
66
71
73
80
77
68
69
80
100
93
84
62
88
90
84
97
73
92
76
98
68
69
70
86
86
62
50
58
89
53
80
62
59
60
79
74
89
59
87
64
52
78
63
67
81
81
94
94
99
73
54
94
84
93
61
90
95
64
98
50
99
97
58
89
91
65
57
74
80
91
92
90
92
82
69
61
79
74
96
81
85
57
99
82
63
97
67
55
91
93
83
90
88
59
70
51
52
94
97
66
50
97
68
57
89
83
100
78
53
72
98
85
56
68
98
80
85
91
60
65
73
84
61
81
84
51
76
89
91
63
52
96
74
58
77
95
78
50
80
50
94
64
86
81
99
52
54
61
57
97
93
92
99
58
94
97
52
71
78
89
98
80
97
59
69
71
67
59
64
92
89
61
79
86
50
71
69
100
76
74
81
50
77
62
51
51
