100
200
802
620
959
802
1000
799
959
754
1132
1011
931
758
709
1037
1060
920
657
656
624
415
1098
698
1076
833
853
781
481
596
821
862
820
618
780
437
632
279
732
1059
760
686
1191
1029
770
1220
1014
831
585
433
942
890
1121
749
1227
1207
822
639
865
542
684
879
755
871
822
513
941
593
446
791
888
1160
513
538
950
906
685
667
797
798
665
1070
1057
781
466
629
1041
738
512
903
439
1209
744
860
710
972
1045
465
984
593
987
880
755
760
782
399
459
773
341
944
718
862
942
515
795
613
866
1039
851
1083
817
760
675
1098
380
816
763
419
889
908
1257
936
1093
709
1008
800
742
806
874
618
897
889
978
1050
858
394
553
735
648
1028
816
644
733
896
771
989
968
933
948
858
823
1101
914
358
675
1024
907
911
610
873
507
978
851
296
817
879
1152
870
871
1174
977
818
749
688
690
779
504
744
768
362
993
778
671
850
1107
580
924
764
1144
578
243
655
