100
200
86
46
17
22
6
57
5
50
43
60
40
99
87
88
39
62
65
87
85
75
38
60
32
87
93
17
23
34
91
43
88
62
42
97
26
63
58
79
30
28
35
3
35
99
16
60
29
3
45
4
96
37
32
1
93
65
100
7
66
85
76
51
75
70
23
48
51
63
91
4
55
79
23
40
32
76
87
45
67
24
35
34
29
34
75
62
96
50
76
61
57
7
49
80
20
64
15
14
90
43
63
56
99
48
13
53
62
90
46
98
82
22
88
82
75
30
32
43
71
70
7
100
70
41
44
59
77
18
70
49
14
88
29
74
28
59
17
8
78
89
39
72
40
86
72
72
17
45
67
74
71
4
22
76
47
39
18
17
95
68
50
49
4
21
40
49
37
82
100
18
8
86
82
35
88
2
82
64
73
29
89
41
56
31
14
32
3
52
64
95
5
89
65
4
48
86
3
4
95
29
