100
200
779
1111
635
1006
1170
739
938
232
856
998
844
861
783
752
650
551
682
535
814
1164
794
690
298
928
954
1018
585
885
716
233
593
626
949
855
564
868
667
589
887
998
674
1053
695
615
994
965
835
580
1245
774
884
556
781
716
656
749
763
953
654
745
830
914
873
677
972
1102
1155
647
1031
752
481
1085
715
1033
866
405
843
781
381
571
910
618
757
324
682
822
752
835
642
624
795
1063
630
1029
788
703
760
841
938
907
746
524
733
713
838
1125
835
809
852
728
1235
730
839
647
773
626
1018
594
928
636
1296
911
747
128
834
563
986
1327
480
769
932
1051
1034
1005
885
658
719
848
845
652
851
367
633
703
856
533
651
644
658
927
507
1023
734
960
538
433
514
631
763
733
738
989
746
1068
882
782
802
914
924
1087
1307
853
644
780
1210
843
880
1144
646
632
932
953
588
687
643
827
787
882
651
932
903
480
710
1041
516
748
767
721
769
726
