100
200
69
74
1
24
44
30
64
47
65
41
53
66
93
77
100
46
46
6
79
30
1
85
78
32
51
99
41
17
12
99
66
60
55
60
40
84
21
8
86
98
15
89
72
43
6
65
88
78
33
64
41
64
36
60
85
44
72
12
93
87
9
26
83
66
71
58
67
39
5
94
51
79
12
81
19
92
24
30
7
53
9
51
88
96
28
10
73
66
25
44
44
65
59
91
27
72
96
78
39
17
80
58
43
40
23
17
55
55
79
69
73
54
26
17
99
24
3
32
66
61
7
92
91
38
46
23
77
97
93
44
7
86
34
21
60
17
80
57
53
92
60
100
20
86
66
40
98
60
77
67
46
14
80
26
58
100
57
83
24
55
37
67
62
5
42
74
64
100
49
33
95
14
82
98
59
82
92
61
42
12
63
64
100
4
56
95
92
43
16
80
58
13
43
54
80
11
5
67
30
80
