80
200
676
601
1067
841
938
355
896
775
735
1075
970
861
569
905
322
760
761
754
668
655
815
788
755
681
512
756
647
759
682
915
797
1108
907
443
909
994
644
1212
983
688
750
618
593
795
540
876
493
894
814
333
1103
814
708
853
673
1055
603
1130
721
998
701
760
911
639
460
901
825
672
515
943
1131
830
498
854
938
445
751
773
1196
976
742
1007
694
706
989
823
1095
826
872
445
715
620
961
1270
681
786
1005
665
690
568
698
798
989
675
819
600
794
266
919
849
460
758
758
662
909
1184
763
1137
856
976
473
875
567
1207
1048
810
795
700
652
755
855
1136
1118
880
615
323
953
744
697
886
660
946
745
518
891
831
316
1018
805
1067
666
832
468
510
559
634
779
783
847
600
507
730
604
775
1064
602
1081
1083
790
862
932
828
938
670
714
883
610
482
518
436
740
543
1103
692
794
828
605
887
882
1244
501
864
917
800
1028
248
1268
533
761
681
