100
200
125
133
91
72
123
136
134
125
9
138
131
56
111
89
160
139
154
208
115
89
158
143
128
66
162
105
138
138
86
164
127
175
66
185
64
145
191
171
58
167
16
85
2
86
155
17
189
99
117
14
129
93
71
101
126
159
52
87
58
82
130
126
90
123
147
9
86
136
75
83
121
70
146
72
88
81
68
39
147
129
206
84
74
127
42
131
94
113
78
90
111
115
111
165
89
116
145
32
96
57
135
46
22
130
41
182
94
173
9
69
133
163
40
6
20
140
132
75
152
130
100
4
148
5
128
100
110
101
85
71
84
71
95
131
114
113
118
118
42
185
141
210
222
78
99
198
76
75
105
132
83
179
117
71
39
8
97
183
55
123
140
146
92
154
105
50
193
115
100
149
61
59
190
131
70
138
121
220
148
86
147
133
54
144
128
71
166
53
55
70
12
92
103
93
84
104
181
113
85
56
