80
200
977
1011
554
392
646
1080
1327
870
970
742
466
1034
498
844
786
847
540
845
876
595
1197
846
548
678
809
922
767
884
788
592
779
656
1203
585
331
953
672
1029
814
644
638
1018
981
531
442
852
813
1083
1166
660
863
810
1125
775
821
1402
855
884
510
693
971
719
847
626
881
821
1392
1073
906
1086
938
816
815
788
426
1054
1251
908
763
599
966
1034
541
644
831
736
655
838
991
992
617
484
827
794
900
536
746
717
937
719
532
703
853
646
975
817
554
675
656
659
573
930
1074
1077
996
1022
723
804
880
910
1017
659
473
857
1003
800
605
725
1015
585
994
719
974
452
1005
831
937
770
1010
1058
711
658
852
625
776
1149
614
657
720
574
639
747
801
1132
819
674
1005
806
656
647
716
705
941
786
732
916
1360
893
794
840
855
690
616
649
717
685
442
1115
868
884
701
700
622
714
418
911
669
368
882
612
694
768
787
753
648
648
580
562
929
948
