100
200
79
27
30
52
89
40
89
64
79
83
45
30
92
100
73
75
29
52
91
90
95
32
30
77
49
63
74
28
24
75
38
74
51
22
36
74
28
45
47
56
62
22
96
40
62
68
58
32
100
94
33
36
91
68
68
74
57
76
31
23
88
90
63
28
62
65
73
98
24
62
36
36
69
24
100
99
60
87
49
48
76
37
38
93
42
83
23
74
94
52
37
47
89
63
30
24
98
94
73
92
47
67
34
74
63
26
92
86
75
64
34
92
77
46
45
87
50
85
57
92
47
83
20
57
24
41
81
97
90
86
20
41
20
20
98
70
53
53
27
76
37
28
47
78
70
47
29
57
47
79
95
22
93
90
38
99
82
40
96
62
24
55
35
69
42
76
96
47
79
79
82
26
84
37
93
79
49
82
23
77
70
41
69
48
68
37
65
94
26
79
60
59
46
84
60
98
51
55
88
64
