100
200
145
15
124
113
60
113
2
115
47
169
122
141
60
98
86
131
153
27
93
87
144
71
138
119
85
91
79
13
127
95
77
27
26
48
62
155
76
127
153
128
185
76
67
135
50
40
116
135
18
143
33
18
80
54
121
190
46
80
188
37
88
191
57
9
52
91
12
119
62
91
189
76
87
108
109
78
107
132
102
70
28
68
157
146
117
25
159
9
98
151
16
245
107
53
57
72
87
168
150
149
35
42
101
52
150
101
112
161
137
72
82
30
81
35
117
139
159
79
162
94
90
104
28
86
103
72
1
1
149
207
159
94
80
5
23
54
80
58
169
128
132
119
120
127
73
99
197
75
14
144
162
136
120
100
92
95
151
136
144
93
18
51
109
136
96
189
190
74
79
102
86
63
96
135
147
33
185
94
227
82
73
154
60
76
148
161
104
74
74
81
94
169
101
74
134
69
202
147
100
33
