100
200
58
100
90
78
57
82
66
73
80
84
96
97
85
95
52
64
63
92
69
52
69
94
88
62
68
74
94
78
68
75
64
82
65
55
86
95
91
68
84
52
67
98
81
51
52
70
94
90
69
92
69
97
52
61
100
97
80
65
53
75
64
60
80
90
74
59
69
70
94
93
99
81
84
58
76
87
59
65
96
87
88
98
63
70
82
84
69
69
84
57
75
75
80
77
83
82
55
65
62
70
74
79
67
61
86
71
79
83
72
52
59
93
67
82
65
92
58
74
93
72
63
50
97
75
55
76
78
66
72
73
78
94
72
50
54
70
98
84
63
71
51
98
54
89
96
51
92
83
63
70
87
53
78
89
74
71
73
54
98
81
89
54
59
69
50
86
64
63
88
59
91
87
76
60
67
96
63
50
65
93
91
94
80
63
99
82
66
59
53
94
96
70
62
80
87
79
57
53
72
95
