100
200
264
643
736
661
661
360
758
330
399
447
632
311
366
370
564
693
226
507
334
464
510
310
604
664
218
785
408
373
617
720
772
766
226
568
779
568
717
524
593
725
448
505
496
468
538
480
442
233
559
529
466
720
622
436
418
458
764
491
592
217
625
552
699
674
603
640
419
661
610
675
713
480
226
536
524
235
494
399
705
334
268
604
798
747
720
255
292
795
533
573
295
212
302
522
335
231
328
799
453
619
667
441
763
525
779
553
391
506
338
764
320
202
677
494
447
429
564
219
462
218
384
252
369
436
557
295
498
271
521
622
617
275
209
770
384
554
709
409
616
658
347
211
372
353
330
250
413
349
315
433
575
280
800
473
765
348
258
437
446
268
580
774
439
242
700
573
586
596
441
546
236
312
312
541
419
769
604
530
657
689
738
536
457
589
791
781
371
321
741
330
360
690
223
688
380
616
246
397
641
702
