100
200
47
79
98
84
84
59
74
59
92
83
103
109
82
64
132
119
127
91
103
93
92
114
124
86
85
60
104
107
115
67
98
89
69
96
83
77
141
108
112
101
106
92
104
86
96
113
134
105
120
123
91
101
124
95
94
94
101
139
65
70
101
80
131
86
85
89
126
104
58
122
86
108
114
88
77
100
93
138
135
120
127
112
98
101
115
112
119
123
116
86
79
71
104
137
114
82
96
96
128
106
124
101
113
82
108
95
110
112
88
111
89
106
107
122
95
80
71
104
107
74
94
121
69
96
67
100
49
103
123
114
90
105
98
73
90
79
119
103
84
100
91
69
84
113
92
125
78
109
108
89
48
88
118
84
103
89
108
70
55
93
87
97
92
130
102
116
97
111
104
130
91
129
109
102
82
90
100
69
101
115
103
89
132
73
100
116
116
91
66
73
102
54
138
114
127
107
94
119
75
81
