80
200
809
689
725
936
1248
1171
498
764
1116
945
832
737
1060
961
806
1013
820
902
843
758
1078
684
705
1035
487
492
1143
992
486
939
759
1047
824
1032
1150
760
625
748
631
1006
951
415
778
476
604
632
733
481
1031
1048
638
780
908
748
549
1080
921
1030
499
464
667
540
844
521
1065
979
842
871
888
912
357
447
952
771
873
912
863
508
690
533
797
838
781
974
735
853
463
1094
838
442
1212
1075
986
708
562
799
894
812
732
856
901
1050
1023
901
646
938
609
292
1000
500
1022
776
612
421
618
816
1025
991
829
539
1018
1182
1169
618
743
1006
552
722
585
743
744
691
882
680
973
770
732
784
684
863
903
1159
392
1004
781
823
1142
902
636
741
744
1111
1226
793
755
681
1174
936
953
1012
1220
989
914
872
978
613
756
684
847
811
1132
968
776
877
465
681
846
694
816
831
718
837
688
891
957
721
1102
858
774
931
934
789
895
1095
971
878
635
690
1127
784
