80
200
93
75
130
96
143
122
108
106
88
94
117
98
96
88
61
92
109
116
97
100
105
66
127
110
91
78
112
116
90
155
119
108
112
136
110
99
112
88
96
100
70
53
109
102
73
101
80
99
133
54
102
121
101
87
100
124
96
108
120
90
103
81
142
123
87
105
93
72
93
88
74
98
103
92
84
56
111
48
73
124
97
111
104
110
77
127
99
87
94
92
63
105
145
115
102
82
92
77
83
100
98
124
120
144
78
75
109
95
150
104
121
82
95
77
137
100
91
110
138
110
120
90
117
98
118
111
96
104
95
80
106
89
92
107
89
115
73
92
106
108
100
112
121
121
106
101
90
143
85
65
106
107
115
106
118
95
100
97
78
118
113
86
53
73
104
152
116
59
80
86
107
103
87
84
123
102
100
125
102
107
89
108
97
94
68
101
126
85
77
83
99
97
66
92
113
125
92
91
130
68
