100
200
300
520
310
525
396
348
478
643
393
367
660
394
534
359
747
434
554
601
200
493
341
741
436
310
310
318
765
524
758
610
216
388
251
266
351
248
745
522
338
265
659
580
694
598
684
717
764
253
463
303
206
260
630
684
305
584
249
767
432
416
793
344
662
591
713
283
213
476
566
780
272
415
632
602
609
412
658
227
344
723
512
454
341
271
596
380
608
235
378
745
351
511
315
467
544
415
365
603
556
365
441
212
265
264
493
241
590
262
718
718
253
399
784
726
531
353
590
213
671
712
782
423
523
445
361
366
286
485
238
408
561
391
327
536
543
669
232
289
266
533
677
349
559
683
497
601
306
745
392
752
426
292
639
308
519
352
593
658
551
556
694
607
473
295
367
597
768
710
609
249
286
474
522
790
711
423
404
614
774
513
494
461
256
466
679
566
375
348
498
719
628
357
466
479
731
789
242
244
537
235
