100
200
373
622
590
798
238
370
247
482
626
372
607
619
788
294
674
493
207
203
540
310
349
715
596
547
261
338
402
606
304
621
304
486
472
351
458
285
567
762
468
612
405
276
737
289
352
755
357
736
258
251
719
444
688
632
671
648
757
353
394
547
719
790
653
652
482
426
496
742
705
517
621
207
211
723
245
257
738
408
777
609
248
225
595
434
536
548
208
757
773
545
553
333
336
690
490
641
292
303
250
363
627
750
482
525
535
215
327
511
630
753
383
569
541
257
475
364
579
443
273
377
682
694
634
585
523
497
507
599
715
773
508
592
502
297
467
285
739
744
405
699
335
761
736
614
799
447
597
790
473
544
758
335
423
655
363
408
785
235
411
569
299
401
754
487
773
500
693
653
757
774
552
747
317
373
231
439
342
520
713
713
765
754
265
401
341
462
576
799
327
393
414
784
550
721
333
369
648
464
362
393
