100
200
1104
572
701
690
1140
536
461
708
866
808
461
1079
1023
1194
1258
490
719
694
571
560
1130
840
420
890
813
778
584
685
279
645
922
743
622
682
1482
770
861
766
1036
1045
737
782
702
751
890
671
695
859
656
643
721
1010
685
680
1021
950
749
747
875
615
561
812
686
885
736
807
1008
1196
594
504
610
743
958
786
567
867
707
601
668
658
569
754
734
523
918
699
1058
642
1004
1112
1077
985
930
720
926
1142
927
692
686
601
622
685
1014
516
614
706
884
837
1000
768
1045
695
662
839
856
917
827
935
669
1122
716
802
783
920
695
1062
821
645
596
402
1127
941
618
898
918
993
898
725
491
697
379
667
825
928
720
1304
1297
791
1119
769
686
882
1232
1152
678
819
556
964
817
1043
512
993
1055
1051
451
810
763
889
749
1134
661
726
1126
710
887
870
486
931
705
542
1049
356
1105
1121
841
1260
949
433
731
967
891
883
852
796
788
916
796
1159
437
724
