80
200
53
67
45
54
95
26
97
64
80
79
31
52
71
61
57
39
86
38
82
63
43
20
56
42
21
97
41
72
76
29
25
77
83
31
38
89
26
24
53
98
21
69
55
38
94
95
98
83
30
59
77
33
55
61
54
80
25
53
32
31
38
28
80
95
47
69
47
90
99
84
44
47
24
73
37
81
47
28
60
86
57
87
23
99
20
35
52
75
43
82
79
22
28
39
91
85
21
44
47
83
31
32
50
39
74
69
26
80
65
50
93
80
92
61
47
67
79
33
31
81
58
100
82
72
31
62
51
52
98
75
38
44
30
56
36
100
66
29
81
54
74
97
49
89
94
39
71
80
55
50
92
28
41
20
63
87
88
72
33
85
62
62
92
43
100
76
67
75
82
37
90
39
32
53
27
62
53
91
54
45
43
83
79
60
37
57
80
87
38
58
88
89
95
51
100
79
98
30
45
37
