100
200
91
68
26
90
72
53
39
66
71
77
62
38
22
35
44
72
36
91
35
58
80
42
37
90
87
26
28
91
58
42
96
75
88
37
92
63
28
27
28
61
46
40
95
37
86
48
98
46
60
63
66
39
51
36
95
47
53
28
52
41
56
91
86
22
68
86
22
90
92
45
28
91
42
39
89
31
77
65
26
75
72
73
84
38
64
51
76
29
24
37
25
28
87
97
42
52
100
99
77
88
53
43
23
90
20
43
38
45
47
20
82
43
75
43
80
55
23
46
100
95
34
78
36
20
41
66
35
38
32
39
74
39
58
35
45
52
62
67
25
65
43
74
98
44
100
76
33
25
33
74
32
23
73
39
77
28
60
88
50
94
77
67
81
65
23
68
37
64
43
35
63
59
43
39
27
73
41
57
46
65
72
98
36
65
64
33
45
66
44
39
89
23
81
20
46
43
42
80
54
43
