80
200
138
105
59
89
100
101
99
90
78
89
127
87
106
104
97
100
97
121
83
113
113
109
98
85
98
84
132
103
82
121
76
122
124
111
105
128
67
77
146
98
77
58
83
91
106
107
108
83
122
120
110
72
111
102
114
102
91
102
83
111
89
97
74
106
94
110
102
104
122
86
84
140
101
115
114
85
60
86
125
56
118
97
114
135
123
85
96
80
67
71
93
79
103
127
93
129
105
120
72
105
103
130
125
118
93
116
89
65
71
100
105
80
59
105
120
71
90
96
86
110
105
76
97
89
86
62
72
105
77
98
99
84
116
97
82
108
110
82
94
91
164
96
91
66
118
112
130
79
120
83
90
101
92
105
95
110
130
102
102
60
57
123
109
97
127
104
85
76
104
110
126
117
102
133
102
98
109
69
84
112
110
140
96
43
81
146
113
74
94
144
100
90
156
79
74
101
129
135
62
77
