80
200
102
92
104
104
87
81
128
92
93
103
107
78
106
107
76
127
110
108
106
114
109
122
115
102
68
123
130
138
115
103
86
81
95
93
115
75
87
92
73
95
98
117
89
87
90
124
81
77
75
89
65
89
132
80
144
93
120
104
109
94
105
89
99
113
137
82
107
115
101
111
90
87
79
137
106
106
97
123
111
117
96
84
91
96
118
80
92
110
113
64
84
97
118
103
131
92
112
106
117
66
82
89
116
71
114
98
83
88
62
125
125
83
113
105
124
85
121
89
111
60
96
112
104
88
63
71
113
113
91
90
106
66
105
101
98
89
114
110
134
71
90
66
109
79
112
72
76
81
119
126
86
52
109
94
127
85
113
144
109
72
58
103
105
126
113
108
113
97
86
102
82
83
101
92
95
104
78
113
108
103
126
89
123
111
88
87
116
89
99
86
99
78
105
85
98
156
113
105
111
69
