80
200
104
96
104
113
114
75
143
101
114
110
72
93
126
80
69
109
94
82
106
101
90
97
85
83
83
103
115
91
60
102
64
147
135
123
107
109
105
110
121
118
151
109
110
64
100
117
100
78
93
126
92
99
89
92
107
109
120
91
83
114
93
135
118
81
98
112
114
113
124
100
99
76
97
124
91
132
121
123
113
106
121
86
100
89
129
80
78
97
140
64
98
67
98
88
81
77
85
116
93
111
152
98
107
63
104
101
72
101
50
107
72
127
135
86
100
142
129
119
75
107
110
90
94
51
98
121
131
48
83
109
63
120
117
98
108
114
87
96
129
100
76
80
119
136
127
110
94
67
92
93
109
111
105
74
103
115
99
68
73
97
109
87
114
85
105
132
105
105
124
89
97
86
97
87
127
100
94
124
120
125
108
91
120
108
90
83
91
94
95
91
83
89
79
106
74
98
129
102
89
105
