80
200
62
35
70
69
4
79
8
96
69
74
60
21
50
42
72
31
17
38
96
54
63
17
53
81
45
20
100
49
16
35
2
25
4
14
59
81
36
1
80
5
54
80
100
78
94
51
8
25
88
80
14
18
31
63
23
87
98
27
85
42
96
63
30
59
21
85
10
53
56
51
43
75
13
97
73
21
96
89
87
10
38
35
62
69
87
33
85
32
91
28
44
8
25
33
3
46
31
55
95
45
90
98
96
53
6
60
70
13
94
78
87
67
20
53
10
41
48
56
35
69
89
62
61
10
48
76
92
18
16
62
44
86
48
92
66
90
48
66
68
20
31
44
89
76
95
48
72
100
39
62
99
5
15
60
16
7
94
78
88
90
22
74
67
34
69
94
60
26
52
22
50
79
45
43
28
93
68
23
3
56
98
84
12
12
84
76
8
7
9
55
3
11
74
98
68
17
97
1
69
90
