100
200
794
578
402
448
631
358
364
281
758
766
546
281
507
238
552
698
563
442
455
607
770
281
300
579
384
416
458
746
557
489
606
465
455
719
302
765
608
637
641
674
692
456
707
277
651
548
342
620
632
262
672
687
420
338
624
482
329
610
315
302
420
354
542
600
353
343
233
511
265
794
785
505
687
487
427
310
480
787
308
700
526
513
590
378
356
522
270
387
473
209
275
438
500
355
449
420
351
612
490
436
468
697
342
495
800
795
769
786
356
590
514
339
456
721
433
627
540
787
357
556
749
773
383
483
612
446
551
353
514
580
280
795
449
203
434
318
347
559
295
689
768
624
722
632
757
757
285
504
764
271
572
474
422
654
779
399
701
796
566
441
314
240
394
500
671
227
418
536
554
418
212
609
646
315
374
431
744
567
689
592
291
739
770
683
761
650
788
457
407
470
360
242
685
491
736
555
410
417
456
514
