80
200
53
63
95
57
56
73
57
91
66
69
99
64
53
71
100
59
66
68
88
57
88
62
59
78
88
91
68
59
62
67
52
97
58
66
94
100
93
50
96
50
65
80
98
85
61
55
66
57
70
83
75
80
88
100
50
81
75
82
97
71
96
95
96
85
55
67
97
65
63
77
87
74
95
67
75
77
56
66
58
64
57
86
83
80
84
56
81
83
72
83
95
54
71
52
54
84
88
95
99
93
93
97
96
83
66
53
51
57
95
78
56
89
69
86
91
84
79
65
58
57
80
71
69
78
75
65
58
55
81
52
66
92
86
99
75
62
91
85
87
89
79
71
51
53
64
68
96
60
94
51
78
77
65
52
91
53
85
87
68
55
84
58
77
94
62
73
51
82
79
78
69
88
91
76
64
64
91
81
77
50
57
75
70
56
93
64
82
69
86
96
90
75
71
63
96
62
54
61
69
76
