100
200
57
68
60
74
97
57
90
90
89
99
66
69
97
79
58
87
64
73
64
94
64
78
84
94
74
79
60
71
61
56
92
82
58
82
89
54
55
88
70
60
95
75
96
61
97
53
64
70
51
95
78
96
100
88
87
68
64
63
100
93
79
71
95
62
50
61
52
87
91
55
86
77
65
63
63
96
88
62
74
81
84
75
65
81
94
89
82
94
64
88
60
64
70
96
60
93
58
95
71
64
78
86
72
81
70
51
79
70
80
90
75
65
50
98
87
77
91
87
65
97
63
60
58
55
62
70
54
71
63
53
63
85
71
84
89
61
61
78
93
75
94
54
59
71
76
73
62
55
61
87
51
67
97
74
94
51
62
61
61
53
84
67
70
66
60
50
98
78
65
89
58
85
52
82
69
89
50
56
68
95
91
59
68
61
78
96
53
62
65
72
57
51
61
66
84
96
58
75
55
53
