80
200
514
409
453
246
344
748
361
435
312
648
223
766
569
342
791
391
528
478
434
581
421
320
711
239
418
513
351
420
686
665
366
324
687
335
299
219
206
529
743
535
610
310
331
248
613
311
753
283
766
323
530
530
665
255
547
474
678
719
326
625
449
613
483
306
758
224
477
604
680
704
408
418
416
341
538
303
332
756
687
414
427
756
455
518
245
245
797
516
462
509
575
559
200
521
662
214
466
527
627
562
620
257
421
378
429
600
220
676
476
584
244
251
691
385
483
529
367
484
721
502
676
648
253
441
478
494
269
435
780
343
780
710
695
708
433
401
562
468
330
791
680
264
696
407
404
439
277
317
796
627
510
339
728
756
212
289
783
796
798
249
537
672
368
492
355
380
256
610
770
430
323
592
568
296
672
294
585
395
676
699
485
548
378
430
559
517
582
607
208
678
273
325
557
661
717
749
218
214
363
410
