80
200
30
26
99
81
33
90
62
51
44
81
85
40
28
85
74
66
43
76
94
62
28
75
42
21
26
62
93
80
93
26
26
53
93
66
99
77
87
25
59
77
59
71
69
82
31
28
88
22
83
44
74
76
88
72
90
87
60
85
82
53
68
35
36
93
75
30
26
81
89
27
80
22
46
63
34
43
40
48
28
34
34
87
20
89
89
33
26
91
56
45
21
100
33
74
91
44
87
31
44
40
31
45
69
72
50
64
68
84
58
29
82
53
33
65
66
56
45
51
47
75
58
72
85
47
53
80
88
88
58
89
82
76
94
97
34
41
66
63
86
95
40
55
75
56
64
52
69
27
51
94
41
33
63
32
48
30
38
77
89
57
34
91
24
29
98
51
53
29
69
44
54
77
60
86
77
20
55
91
39
38
26
48
66
96
96
39
44
31
38
86
80
44
45
69
81
79
60
67
82
47
