100
200
32
94
53
21
33
43
62
64
31
96
91
99
43
30
57
53
43
20
55
34
90
39
46
80
72
86
93
42
90
65
32
30
74
74
85
34
100
73
35
21
37
63
45
83
32
92
83
72
76
61
32
47
31
81
91
97
94
61
44
50
74
35
82
95
51
76
40
37
85
100
35
34
86
81
53
48
64
100
75
32
71
84
42
57
74
46
43
52
78
78
44
38
87
97
53
87
95
62
52
69
62
72
55
23
71
77
63
85
75
71
31
23
34
64
98
46
98
36
40
95
56
24
38
22
80
51
30
60
70
85
72
45
84
70
24
51
24
47
28
84
57
39
65
84
77
85
29
46
90
74
60
49
40
21
63
27
99
92
27
95
22
42
25
58
99
78
54
24
84
87
42
47
55
96
76
90
23
66
47
34
90
62
97
90
75
82
70
33
77
20
50
31
98
65
37
86
82
79
32
89
