100
200
563
351
638
395
623
283
603
760
418
497
629
318
361
316
777
632
749
347
577
397
681
515
782
321
769
359
354
607
225
778
406
440
211
353
639
405
650
245
246
704
791
417
278
754
751
288
415
427
230
507
255
585
268
461
259
591
435
731
680
568
523
219
455
571
731
564
696
479
785
613
354
656
678
249
593
221
614
431
204
281
610
536
606
477
444
464
678
666
624
630
482
658
569
483
529
523
467
488
579
465
608
423
490
748
483
750
200
332
262
333
291
531
231
374
458
541
225
689
591
333
317
225
527
662
569
754
343
225
479
507
731
392
401
646
569
315
388
369
756
721
780
450
644
577
383
220
720
631
332
464
270
530
711
267
418
339
511
670
339
702
227
648
318
451
322
694
604
641
719
692
530
714
535
327
645
373
608
289
709
283
439
389
626
691
563
504
500
685
635
449
226
494
550
385
647
421
788
358
710
452
