80
200
11
40
36
74
20
69
7
5
13
85
14
94
42
24
29
69
52
53
65
65
79
68
49
17
77
37
65
31
1
83
24
99
56
54
64
52
100
9
98
41
21
22
41
48
81
1
49
53
92
45
60
9
79
5
99
73
15
28
7
66
76
72
18
6
8
74
18
22
45
4
72
56
87
4
31
29
56
54
34
38
17
81
31
98
30
75
85
11
21
11
63
42
91
21
92
38
17
11
40
20
52
13
82
62
89
37
22
33
89
19
66
7
14
46
56
25
90
97
61
82
12
63
3
84
66
58
67
42
67
55
88
44
31
45
32
97
5
4
91
84
87
61
38
70
68
56
93
55
83
27
72
57
89
76
28
14
55
81
1
16
24
27
32
29
44
91
1
48
67
26
36
11
89
76
23
8
54
81
22
36
67
26
4
88
19
91
74
29
64
24
47
8
61
84
97
62
6
86
28
60
