80
200
97
91
88
78
55
55
78
51
75
98
100
65
92
57
94
74
95
64
74
53
58
89
85
98
95
77
77
52
50
57
83
73
64
64
57
94
78
89
99
86
63
60
96
75
83
95
70
76
54
77
78
77
72
63
97
81
58
76
87
82
64
96
90
98
55
100
86
71
59
86
50
52
90
94
88
99
92
54
72
94
72
100
96
93
80
92
82
60
61
86
88
59
93
51
58
63
71
70
52
68
64
95
99
68
97
56
58
56
55
51
59
78
82
66
85
75
77
95
69
77
92
58
92
94
93
65
100
88
100
88
73
98
93
97
70
84
94
69
89
77
75
80
99
90
60
93
69
73
56
50
94
84
92
56
86
93
57
92
100
50
75
71
77
61
64
81
60
88
87
78
72
59
57
68
53
77
67
54
87
95
72
81
52
56
100
61
67
85
64
52
89
50
75
83
98
89
76
71
58
100
