80
200
766
531
665
935
845
641
539
949
865
811
785
847
1106
952
1185
769
780
1069
854
733
698
858
713
1016
498
872
726
832
558
997
666
648
930
818
928
950
617
830
944
864
457
674
806
921
669
986
430
1010
598
1193
942
1078
818
635
751
833
640
958
870
1265
925
681
827
1270
667
751
988
1025
650
1025
716
800
837
750
689
826
1042
667
811
709
566
815
592
1005
740
843
657
917
730
585
542
296
877
683
520
746
831
899
1005
864
729
896
855
737
691
847
969
950
1033
1183
431
968
897
747
684
780
1090
902
825
1080
642
586
828
977
1366
740
731
725
843
607
1232
940
784
736
703
632
864
801
622
417
534
652
812
611
800
850
898
786
818
843
576
593
821
705
988
785
708
784
1408
744
724
752
635
823
1153
645
904
652
646
581
903
804
777
1116
1007
715
1186
668
884
962
973
905
883
827
775
999
905
790
670
752
763
585
705
658
481
743
993
811
646
902
