100
200
72
82
54
41
45
70
27
81
92
94
45
48
73
29
57
41
30
91
30
63
44
35
40
84
61
24
88
39
82
51
45
58
47
70
57
57
53
91
57
51
72
31
90
95
94
66
30
80
48
33
40
49
55
83
64
77
59
87
24
51
39
78
79
65
20
43
33
51
20
70
42
36
63
26
47
85
99
50
55
76
64
58
45
74
82
32
91
64
79
22
82
55
50
66
90
46
86
63
25
82
81
59
40
43
89
54
25
63
77
60
35
42
81
94
61
51
43
78
20
72
94
22
43
34
43
78
84
85
88
79
79
89
78
21
23
21
67
35
31
85
73
42
63
55
25
58
31
37
60
67
96
39
74
46
44
21
45
70
70
79
69
81
47
31
81
71
46
37
35
53
75
68
99
79
50
88
37
49
59
79
20
59
50
75
26
82
39
72
36
39
93
93
60
76
25
92
67
48
83
25
