80
200
95
111
84
109
91
62
134
85
99
65
57
103
77
109
95
126
98
110
107
107
106
104
69
110
100
113
95
111
130
84
127
118
120
119
77
125
82
74
136
102
97
125
119
108
138
90
94
118
88
94
65
88
99
98
99
78
91
102
127
87
101
82
136
155
117
79
125
102
67
136
131
104
91
114
84
93
113
85
87
124
121
104
86
117
83
77
81
107
61
81
117
93
95
89
106
126
65
99
119
88
94
137
131
86
111
123
84
106
130
128
100
92
72
113
100
76
128
104
95
102
116
106
109
118
75
86
99
140
116
126
84
77
108
121
112
115
98
90
105
111
85
133
75
110
110
106
105
38
111
138
103
89
104
112
69
87
102
110
126
101
115
103
116
50
89
115
91
102
112
94
105
100
105
137
96
76
125
127
72
116
76
79
101
106
103
82
76
102
111
96
133
99
75
137
94
114
100
106
78
119
