100
200
576
970
1180
570
467
537
850
485
644
813
123
908
1108
924
750
1000
902
833
350
729
859
606
607
696
1121
841
973
1033
498
626
683
655
806
990
776
558
1008
982
531
708
1163
794
1108
884
798
1058
620
915
1245
693
732
977
780
643
845
387
913
958
698
907
857
986
1100
1020
886
798
1075
545
684
848
725
1116
866
474
562
951
540
903
731
911
1086
640
1125
878
879
576
589
954
608
720
705
682
1189
923
512
721
1030
841
714
491
883
991
1129
925
446
917
656
511
386
1022
693
960
513
777
802
648
932
948
858
555
641
773
874
663
621
756
529
534
863
496
769
681
789
1017
986
495
864
663
1222
684
595
993
690
698
829
1005
483
693
1090
1077
1261
1138
825
686
999
526
896
470
820
752
855
734
1033
759
1114
723
1100
701
954
1196
1082
548
1391
1031
853
1074
1001
1029
499
714
765
1044
898
956
695
840
971
540
688
758
525
786
916
399
607
846
708
913
1013
629
