80
200
642
429
361
235
237
704
471
754
750
370
242
413
313
355
750
240
571
545
322
452
329
441
230
308
795
703
585
800
665
636
618
774
769
301
754
629
606
683
603
338
473
540
717
462
450
539
693
297
242
422
580
537
493
562
794
285
360
246
700
255
688
348
548
732
650
206
697
214
757
340
459
423
546
377
653
555
790
227
241
392
236
772
712
527
573
481
655
475
716
408
519
299
678
353
484
283
602
302
679
655
488
568
692
497
301
596
534
609
652
584
371
633
572
643
526
600
724
264
234
545
515
419
683
471
233
792
380
442
507
423
718
267
333
515
332
546
620
548
658
299
223
459
656
205
781
570
405
507
289
681
415
295
694
498
268
514
255
498
720
499
656
659
429
481
554
516
361
687
523
573
739
568
288
468
599
341
630
339
578
481
702
514
534
447
374
211
739
442
454
262
552
607
769
529
621
763
350
416
471
589
