80
200
329
455
508
553
282
685
448
273
344
512
555
567
595
711
468
752
589
580
518
334
395
297
445
407
688
644
361
368
568
697
534
277
739
579
227
594
621
313
364
718
366
800
505
638
799
237
666
386
517
488
665
212
620
368
569
523
290
238
754
505
370
524
671
766
605
241
206
241
412
442
685
562
222
764
521
244
686
649
245
290
692
456
211
604
398
341
307
694
596
326
646
420
487
404
392
439
571
356
497
330
733
391
547
749
459
624
546
286
630
677
405
255
368
271
245
452
442
341
795
522
297
301
767
321
628
323
372
313
457
349
205
798
699
754
550
431
635
213
516
743
222
620
594
392
543
674
422
252
667
454
376
261
453
790
565
385
473
396
380
623
768
779
475
609
610
354
340
311
794
662
581
576
670
777
505
669
767
303
635
452
527
306
724
280
789
622
513
678
745
561
761
281
442
681
476
477
533
496
519
312
