80
200
142
107
167
60
116
122
56
116
91
94
151
70
111
65
44
43
54
154
97
186
123
39
89
133
92
103
180
90
85
66
121
146
125
46
63
160
122
155
130
117
4
118
155
120
47
2
49
129
176
125
6
34
109
140
122
88
90
114
125
156
150
16
110
93
147
21
60
202
195
111
24
100
118
128
77
194
135
68
36
133
185
73
89
165
51
121
38
78
38
171
77
37
261
125
87
137
32
117
77
26
78
112
170
120
83
128
165
161
130
172
105
115
73
57
82
155
126
135
134
93
63
148
94
99
175
67
52
87
149
97
225
102
132
24
137
105
99
92
72
104
146
151
103
107
39
148
70
88
154
106
27
144
78
74
118
112
127
62
108
61
104
34
156
78
108
84
118
185
115
116
27
86
62
47
158
105
149
137
118
119
42
35
107
38
52
137
134
111
1
79
145
93
166
36
127
54
80
141
54
147
