100
200
83
137
107
89
73
93
111
117
80
118
115
131
72
73
126
122
89
104
148
99
129
92
89
96
85
73
118
98
100
72
109
123
105
94
133
112
104
96
66
95
121
87
85
96
133
79
97
120
89
86
145
73
112
134
86
77
116
132
80
121
114
121
112
100
70
95
70
145
129
102
94
71
93
93
102
68
102
81
111
113
87
63
94
104
119
127
98
119
80
106
82
79
110
106
111
105
85
123
103
77
102
105
136
117
103
91
104
83
102
111
67
64
99
100
90
110
100
100
101
107
103
86
56
127
97
51
106
100
129
67
73
90
123
93
68
105
98
104
87
112
97
136
102
91
71
69
80
83
78
111
143
81
71
106
101
97
98
130
98
109
118
79
81
111
75
120
120
97
75
144
89
126
104
90
80
98
111
122
120
72
127
120
105
102
98
136
99
93
85
86
97
93
99
83
101
80
118
121
75
79
