80
200
66
63
68
73
83
58
87
56
41
49
6
17
37
98
30
87
90
40
76
82
24
52
12
38
18
87
46
79
75
26
32
49
54
30
39
82
54
40
50
21
69
61
94
91
90
82
52
80
61
97
44
63
91
18
3
88
79
79
72
68
18
20
87
91
77
16
63
7
12
53
33
85
84
1
77
41
30
65
100
45
53
13
100
86
27
18
41
66
85
92
38
76
62
86
39
56
99
30
72
90
3
26
85
87
60
61
8
2
21
26
79
27
6
79
46
72
38
61
38
83
31
88
26
44
59
23
94
29
91
77
16
55
41
60
5
46
70
94
74
46
51
22
51
82
60
16
58
35
21
85
5
32
46
66
1
2
88
56
30
33
91
72
60
52
1
88
63
40
20
96
55
94
38
78
39
93
77
41
51
9
64
15
31
58
95
95
30
26
79
20
98
53
89
16
10
79
16
85
2
8
