80
200
88
53
65
79
80
97
52
62
60
60
70
59
54
60
96
62
53
88
72
99
89
75
85
91
50
65
56
86
89
75
64
81
68
77
54
97
88
62
70
93
89
89
64
52
89
83
80
57
97
73
88
85
94
81
96
99
53
68
94
50
53
70
64
85
88
97
85
91
92
59
77
88
99
69
86
82
85
72
80
93
66
68
61
53
53
56
74
79
91
91
58
94
56
96
88
80
57
78
85
86
81
97
71
98
73
91
67
91
89
62
89
59
72
86
71
56
90
98
55
96
98
95
64
89
92
97
82
58
64
55
92
71
72
78
59
88
79
70
94
59
82
66
96
55
66
72
99
95
59
60
67
81
71
61
98
77
69
99
94
88
53
54
87
63
83
72
72
98
98
53
73
58
77
91
63
97
94
73
68
96
86
82
94
72
51
84
99
74
81
65
97
84
81
95
51
99
60
84
59
84
