100
200
60
62
50
45
52
89
59
31
90
89
74
92
24
87
46
97
66
51
79
100
61
47
68
95
35
83
99
59
54
54
98
24
96
80
35
27
97
37
95
88
85
58
26
32
42
39
60
56
89
47
23
98
53
59
27
42
35
58
89
73
27
27
48
77
29
92
87
73
83
24
69
64
76
45
32
66
95
21
78
75
80
36
51
34
50
70
25
57
54
62
20
98
50
64
59
56
74
22
61
34
21
91
94
33
71
55
91
53
99
74
83
72
37
94
72
79
96
99
96
72
91
36
60
27
80
40
82
30
21
86
61
29
39
40
48
85
94
99
55
49
36
72
21
39
66
87
86
32
56
56
39
73
53
50
46
76
80
80
25
23
66
22
87
38
52
62
38
46
33
27
98
59
78
65
94
48
91
66
98
66
47
88
84
74
29
25
49
40
54
95
93
56
97
68
96
98
85
82
44
70
