80
200
44
17
3
66
4
22
35
53
75
83
31
88
51
74
9
88
50
18
71
68
34
2
32
49
52
29
39
89
26
93
32
6
14
50
83
13
17
98
52
1
59
50
51
64
56
8
83
49
5
70
71
7
38
19
71
74
30
36
23
97
41
39
18
100
51
31
54
68
42
23
100
12
62
4
10
15
16
86
5
62
23
90
53
13
64
3
91
9
30
25
15
60
11
45
91
15
83
53
33
64
41
33
42
4
47
60
34
77
72
5
10
88
51
91
73
87
28
68
31
50
46
97
2
38
74
17
59
73
72
13
3
81
11
86
89
4
77
68
46
69
92
63
26
41
68
21
15
96
58
75
94
80
91
29
88
43
77
72
90
50
94
56
4
71
4
31
96
93
5
75
2
36
69
99
7
82
33
46
39
61
3
91
17
48
57
85
34
27
40
12
77
18
59
50
27
99
31
83
4
59
