100
200
79
108
91
117
94
94
101
109
78
105
116
92
117
102
74
100
132
89
122
94
110
119
105
95
102
115
118
87
99
89
113
97
112
133
106
124
85
97
127
104
100
123
107
89
97
116
106
105
125
161
70
108
100
117
92
75
111
96
100
86
81
125
104
97
67
82
90
89
63
86
126
86
103
84
99
83
77
132
59
104
117
133
110
96
104
131
50
142
126
134
115
97
92
88
117
107
101
112
94
103
92
81
99
148
61
104
109
122
128
89
78
116
69
89
122
107
59
105
93
80
100
92
69
140
115
91
109
101
117
138
75
108
101
83
87
160
92
74
125
125
80
81
123
84
104
101
105
87
119
119
76
107
132
88
108
89
45
91
88
77
58
104
102
66
91
102
114
118
124
116
142
84
84
112
130
121
64
119
60
82
83
126
102
58
77
90
102
106
99
113
126
76
94
99
78
100
88
83
100
100
