80
200
61
28
74
89
31
71
93
27
47
78
26
93
40
43
82
61
59
64
30
35
88
78
51
98
53
47
65
51
53
77
62
66
98
61
42
64
97
38
21
60
70
63
35
53
71
20
26
59
95
29
100
99
82
92
97
69
66
94
71
61
91
86
66
23
77
67
28
80
29
72
69
50
68
55
85
48
71
20
55
75
45
85
85
96
64
40
51
28
71
39
29
89
20
46
72
34
78
90
80
59
80
22
64
96
64
46
85
40
58
56
20
35
84
75
75
97
95
88
71
84
54
33
47
28
50
62
89
62
48
72
92
92
70
91
34
34
62
73
33
99
41
50
77
95
100
97
95
73
43
68
54
31
73
73
30
32
49
20
81
86
93
83
52
47
26
78
65
35
30
29
88
26
89
75
33
83
87
100
35
79
38
76
74
94
34
35
54
25
58
52
89
32
79
61
20
87
43
94
42
56
