80
220
627
493
252
858
859
762
615
684
275
647
524
621
329
762
857
406
573
308
655
693
444
255
407
533
246
436
848
237
744
356
529
368
430
732
869
548
360
799
652
429
223
751
273
746
297
839
767
276
418
316
377
275
411
759
247
338
349
366
541
292
311
868
308
432
387
272
624
453
636
369
442
431
352
725
633
352
284
678
782
576
287
725
233
714
467
691
376
503
534
346
279
681
747
273
665
484
690
622
749
746
827
628
421
461
359
647
637
646
548
382
462
495
599
524
747
766
563
684
637
251
379
498
573
339
513
698
530
661
681
762
615
321
252
222
335
642
677
755
346
397
394
428
533
682
748
364
807
750
559
471
703
310
265
230
605
233
638
852
336
509
309
768
675
337
654
698
490
316
434
679
390
535
710
599
533
290
865
361
435
590
786
628
508
631
797
602
224
555
409
675
343
225
771
521
856
567
354
596
659
478
751
353
339
825
272
321
567
856
389
233
352
258
395
869
230
570
756
546
264
637
