80
220
80
65
54
69
66
61
23
24
69
65
93
2
22
19
62
51
59
58
22
3
55
54
13
69
40
100
49
56
74
41
28
29
19
34
74
83
28
76
58
98
77
27
4
18
12
5
22
80
15
86
22
42
51
30
2
59
21
53
79
32
65
92
98
27
37
5
63
19
31
69
2
1
5
41
2
55
47
81
100
10
22
89
97
41
9
71
81
30
85
59
2
92
44
53
85
39
38
21
64
82
36
38
40
86
27
18
19
26
15
75
94
7
72
57
77
67
89
5
97
70
68
66
33
64
28
79
32
26
15
35
35
33
67
14
19
16
34
35
16
27
98
94
23
98
10
17
90
26
20
5
95
55
24
30
73
25
30
18
74
5
72
16
79
20
66
48
78
43
72
63
3
1
66
53
81
18
86
87
66
44
34
32
99
30
36
69
25
20
71
16
100
51
87
35
97
91
62
30
67
45
96
62
75
71
98
31
2
21
86
13
21
61
95
45
61
14
59
57
79
49
