80
220
35
61
31
80
76
50
35
39
25
90
22
22
37
84
34
43
63
28
61
76
38
55
64
34
61
68
67
23
44
85
86
70
92
36
39
45
53
76
87
29
34
53
57
57
82
100
27
27
94
81
75
69
68
23
27
94
43
89
40
82
54
29
56
24
80
90
30
78
77
62
45
56
55
66
22
55
29
35
33
41
98
67
95
75
37
87
39
81
31
44
51
48
26
61
58
38
50
82
44
85
84
71
24
91
71
100
24
91
73
57
41
48
43
26
61
76
58
70
82
27
96
76
50
56
71
36
54
33
92
90
37
46
24
94
92
83
56
92
64
95
81
83
94
64
56
91
50
46
90
38
38
50
59
21
70
60
22
28
45
83
50
33
30
30
81
93
82
29
58
98
22
27
66
41
24
51
60
57
54
33
27
93
36
35
30
72
61
73
49
87
63
21
80
27
61
59
32
58
61
82
56
57
67
27
81
34
26
56
89
98
22
29
30
89
92
74
67
41
22
83
