80
220
60
96
67
27
82
29
85
98
85
56
59
61
70
49
32
60
72
81
45
30
89
74
98
98
83
52
62
28
53
43
55
83
31
42
53
44
73
29
98
52
54
72
36
80
77
30
20
79
29
87
73
98
52
94
60
21
64
20
47
80
46
67
66
92
69
37
65
67
48
49
70
82
77
84
60
76
41
34
71
21
100
41
84
37
69
73
62
72
93
23
40
41
46
91
94
59
42
24
28
73
98
83
42
89
23
23
87
48
29
42
47
97
26
84
85
78
39
76
23
95
59
81
23
26
83
89
39
72
100
24
21
35
43
91
98
86
36
96
46
81
60
64
45
79
24
52
63
94
46
74
50
81
98
33
34
28
25
34
76
22
94
56
77
70
96
40
25
23
92
43
33
20
93
78
91
29
59
87
49
49
41
40
87
50
44
63
40
36
92
98
41
61
72
95
78
97
73
83
87
64
25
83
80
97
64
53
81
49
75
73
56
62
72
55
39
41
79
86
40
40
