80
220
62
93
62
58
92
73
58
91
59
99
55
89
59
53
51
64
50
66
98
72
87
58
74
86
86
93
64
85
58
99
89
99
54
91
52
77
73
90
77
57
75
91
96
69
85
59
62
75
87
58
91
89
94
52
80
90
91
54
55
97
97
83
71
55
85
54
53
88
95
78
97
94
68
61
99
100
64
85
88
86
68
89
94
88
79
64
95
84
95
71
83
54
85
83
93
56
53
68
50
93
90
53
84
98
55
88
85
81
59
63
97
78
70
66
64
81
80
95
51
87
78
50
94
52
79
79
94
57
93
62
81
94
73
90
78
90
65
67
60
59
64
62
98
78
82
83
62
57
76
59
74
77
60
63
91
94
63
98
58
94
91
78
56
81
98
91
58
95
72
71
63
53
63
96
70
78
65
81
84
89
86
92
89
56
96
67
82
100
93
95
84
67
63
72
67
50
65
77
80
96
93
78
88
96
95
84
50
78
91
88
94
73
72
82
67
77
86
67
82
53
