80
220
43
75
33
48
57
59
94
86
4
32
90
86
87
40
34
70
67
69
31
82
50
41
38
57
33
28
68
1
5
77
39
64
4
76
26
18
28
83
49
18
15
61
34
12
31
87
23
92
53
20
78
34
93
98
57
60
49
2
55
36
55
70
14
22
82
71
68
55
70
27
11
38
57
85
81
20
60
85
81
43
7
8
31
99
46
75
77
61
11
81
71
31
52
69
82
84
78
55
46
34
11
99
23
74
29
100
27
42
49
94
94
90
80
99
25
8
98
29
56
96
61
62
77
26
64
91
82
80
3
17
68
6
85
64
11
24
43
76
30
39
86
51
15
53
21
21
23
49
11
67
6
77
18
49
86
30
38
26
41
27
15
90
95
99
76
2
15
62
13
67
11
34
87
60
64
93
17
40
22
34
85
80
23
18
85
57
60
29
12
59
95
44
50
10
82
58
9
91
53
40
37
38
86
74
46
29
35
49
90
6
20
55
19
67
65
94
20
54
27
91
