80
220
100
81
110
137
118
104
80
89
104
66
90
114
113
79
101
126
90
101
104
111
86
116
114
95
126
80
130
97
121
110
99
108
83
127
117
138
98
81
136
79
92
129
101
82
99
111
116
116
148
106
143
107
96
127
80
80
136
78
148
74
94
106
118
113
93
109
115
130
127
84
128
121
104
85
102
93
113
137
101
73
104
79
97
119
91
93
95
93
96
66
112
95
137
68
45
136
59
89
83
128
58
98
130
81
130
124
62
138
93
94
107
71
101
86
86
111
132
120
94
84
59
119
123
100
120
79
101
128
122
97
71
145
121
77
109
108
138
145
80
107
121
97
77
114
99
103
93
107
100
100
95
126
122
92
123
90
129
66
92
65
113
117
136
59
74
82
127
103
131
101
90
88
114
93
109
107
129
110
105
89
117
83
116
82
123
105
123
83
134
98
106
110
126
92
90
100
110
94
92
107
109
120
116
110
79
116
112
126
99
132
64
120
65
95
119
139
72
108
101
110
