80
220
1021
769
867
1148
930
780
652
1124
819
704
1023
867
312
1019
1079
1054
772
1290
1238
809
1005
1399
979
506
1041
723
1104
1132
610
575
669
835
1049
1290
1088
1287
1398
999
1138
1245
970
575
727
774
811
678
1121
1194
861
1174
864
1256
930
1082
673
948
1096
1198
276
854
504
1078
1290
514
1040
806
775
1209
555
991
565
1547
619
1117
589
759
742
570
821
956
479
915
271
790
746
1102
1160
678
855
1016
783
633
1137
534
1183
1026
1031
778
1248
1004
1367
885
1289
1066
870
911
829
914
841
1196
638
838
872
846
730
1100
891
1240
840
1027
644
1028
852
941
883
581
510
688
685
1001
896
905
686
1053
1030
1071
590
1143
819
616
987
951
788
539
743
1161
930
830
800
1243
631
531
690
1095
730
957
943
1072
645
702
1010
730
610
633
625
636
782
233
1224
763
728
1183
690
814
517
924
806
440
852
997
611
798
659
1372
767
992
636
865
872
735
1223
1354
1045
724
789
830
794
595
806
441
1038
1273
941
790
766
715
686
1049
800
417
1078
687
1042
483
365
1255
998
1390
1021
884
