80
220
93
102
124
208
145
52
32
139
69
83
76
125
101
110
98
77
25
80
99
138
44
177
160
25
61
126
160
115
18
53
95
182
97
83
11
86
151
93
54
144
54
124
42
47
55
42
158
158
119
80
77
78
22
4
82
117
118
112
55
105
11
127
16
114
5
124
80
115
59
87
165
161
80
180
106
40
139
3
86
155
149
182
26
105
131
77
34
73
102
109
39
99
61
56
156
214
111
192
153
101
61
194
133
56
57
101
121
70
83
65
107
113
108
61
76
29
182
141
153
65
183
159
156
105
138
37
58
107
90
100
188
120
96
82
7
120
108
28
80
124
48
152
223
104
185
12
119
152
19
188
102
137
114
109
127
160
124
81
96
151
33
56
107
109
166
11
49
119
103
153
147
88
94
121
180
75
116
79
90
78
124
97
85
96
142
114
62
95
64
5
97
66
34
193
90
177
91
46
98
101
140
121
192
207
140
157
56
81
98
89
112
84
24
44
3
108
60
134
110
61
