80
220
478
248
220
440
843
642
524
309
290
733
473
330
716
441
390
878
822
760
651
595
578
763
617
743
317
493
476
687
243
755
709
581
618
457
602
245
632
402
506
332
754
448
468
734
606
327
397
354
535
358
543
690
844
663
788
565
469
398
660
417
692
582
849
549
837
795
878
329
746
392
662
277
511
520
466
594
315
436
684
541
379
244
742
468
683
446
577
528
580
530
612
599
585
731
255
524
231
342
305
748
682
842
225
373
483
839
362
585
770
460
865
461
610
466
680
667
761
618
780
732
571
570
692
570
500
683
291
835
533
410
714
438
736
703
400
313
468
260
489
278
392
602
706
659
383
342
443
317
277
430
729
373
687
235
405
446
555
829
258
770
634
262
615
557
781
221
514
282
255
498
570
462
488
804
656
684
698
301
364
434
564
674
519
301
452
339
784
262
375
561
758
644
626
260
790
401
463
802
388
382
548
816
711
805
779
410
275
388
435
695
484
408
559
649
733
251
400
459
533
690
