80
220
70
78
72
85
84
84
56
56
53
94
99
99
63
59
59
94
63
59
85
84
51
69
71
98
75
76
53
61
81
56
94
70
65
79
85
67
69
99
71
73
99
81
78
54
98
80
68
92
58
54
52
73
50
54
57
74
85
92
85
61
76
91
62
78
73
97
53
63
65
66
93
68
67
86
62
75
62
62
72
96
98
67
86
87
79
97
52
58
64
68
80
91
78
66
95
94
81
67
61
82
53
79
83
52
66
81
90
84
52
78
55
95
95
71
81
95
79
67
55
77
67
70
76
82
74
51
99
78
51
96
92
97
96
100
60
96
62
58
62
52
78
73
92
70
77
57
55
54
93
69
62
60
71
99
65
95
53
71
59
64
70
78
77
64
71
88
75
80
59
66
95
72
78
79
83
61
80
86
92
56
94
74
71
78
53
82
60
89
52
79
98
78
54
93
80
90
85
54
50
74
65
86
86
98
87
89
67
61
52
57
75
94
54
57
79
98
55
89
72
62
