80
220
932
682
932
1017
770
1037
633
1183
1108
856
1030
723
806
870
884
624
727
1360
955
1277
1040
871
749
735
732
910
990
699
973
686
620
1192
916
807
536
1012
894
1119
817
817
548
723
476
775
1282
1282
660
977
1312
1045
905
1131
807
907
943
907
1226
776
721
686
1130
1070
984
1159
999
1125
869
874
658
998
1409
1166
884
788
865
516
857
559
752
470
527
1105
905
847
787
845
852
874
1148
675
678
885
757
940
622
1200
1084
961
887
789
728
940
744
632
1138
1181
890
1087
787
981
833
1100
636
984
826
766
1128
563
901
1031
668
890
828
725
773
1136
930
625
486
848
1052
1162
785
994
815
922
561
958
782
1036
661
984
656
801
731
893
322
815
1196
1069
530
727
971
938
972
828
1118
693
943
777
1122
1058
663
282
555
804
960
551
1212
957
839
711
933
569
677
889
824
757
484
773
907
463
464
571
754
1386
1004
992
1089
1081
623
1540
663
887
1077
929
1094
1131
1188
693
428
857
793
436
714
645
1037
1218
1068
1105
780
905
1023
1091
653
776
730
868
813
810
