80
220
75
98
69
83
62
73
76
73
87
74
85
71
58
52
63
62
59
78
61
60
97
99
59
63
80
77
62
74
98
91
88
68
53
89
73
71
50
82
89
50
50
68
84
63
65
81
84
96
84
86
61
57
64
51
64
62
57
81
88
59
53
77
64
89
99
93
97
68
79
62
77
87
90
68
98
65
58
84
66
87
90
53
92
87
78
65
80
89
62
82
100
67
82
71
100
88
85
72
75
75
67
75
66
59
71
57
93
73
68
50
93
96
58
95
71
78
54
92
74
54
63
55
98
53
57
67
91
96
50
69
96
53
100
98
85
77
90
52
72
92
86
51
86
79
72
88
100
66
91
77
79
68
93
91
52
78
92
99
72
80
77
85
99
51
76
90
57
96
57
85
60
62
93
73
66
59
96
62
85
62
64
70
70
100
52
67
92
58
98
92
72
94
94
50
55
97
86
92
52
50
83
86
88
61
68
83
92
70
71
55
74
61
62
81
94
67
67
57
96
78
