80
220
84
74
92
72
97
77
55
95
100
67
89
55
54
69
65
99
64
95
75
62
76
93
97
88
56
96
77
94
99
94
56
62
72
89
87
70
89
69
68
78
96
94
87
55
66
50
86
75
85
81
94
55
60
79
55
61
89
99
65
92
64
77
97
96
85
85
62
75
70
99
63
92
90
76
66
72
58
65
73
90
91
66
74
70
64
95
100
72
85
92
78
89
100
55
75
63
53
96
58
98
88
100
98
74
79
51
88
51
85
58
59
58
70
88
78
79
93
87
71
57
97
72
96
56
88
78
66
69
77
54
95
73
97
98
61
83
73
66
95
61
56
93
58
76
74
54
57
61
53
71
95
60
87
72
69
96
58
94
61
90
67
53
77
51
61
62
90
71
61
73
87
59
88
75
86
51
90
63
58
70
57
91
71
97
84
60
82
94
98
52
74
97
55
88
78
92
84
98
87
75
70
91
86
85
50
52
56
72
62
64
69
74
80
91
95
56
80
80
52
83
