80
220
69
75
78
24
61
43
57
90
76
21
25
74
55
31
74
44
32
66
43
96
34
53
35
65
20
80
59
47
40
64
59
86
85
89
42
56
27
65
21
41
74
47
33
31
50
42
38
26
39
75
96
88
99
56
35
64
47
56
42
99
22
38
38
40
85
32
81
91
27
94
51
32
99
88
89
31
63
29
100
77
29
63
61
56
75
54
76
23
75
48
68
88
72
24
75
21
34
59
80
28
36
84
84
39
42
98
26
68
68
70
22
42
40
75
56
81
54
44
59
88
60
32
53
60
47
95
36
38
94
72
57
55
27
34
90
71
25
24
76
56
28
51
81
93
34
49
22
32
76
37
34
40
29
23
24
91
42
67
82
28
79
47
53
45
52
43
98
29
40
53
51
65
82
25
49
90
29
39
91
20
54
40
69
90
62
64
62
49
40
71
80
41
40
88
21
64
95
24
93
39
36
39
27
99
94
67
66
28
38
52
45
66
29
89
29
73
42
21
23
71
