80
220
94
80
28
52
9
27
46
34
73
10
9
55
8
50
38
53
97
20
99
3
32
21
77
84
16
2
49
23
93
27
82
43
49
82
45
96
1
7
16
51
51
19
43
76
24
79
25
20
57
83
14
39
71
7
54
27
22
30
59
64
6
11
59
57
33
42
25
71
83
28
13
23
52
17
83
74
93
43
46
67
61
81
51
7
77
31
88
5
10
35
1
69
93
22
14
53
76
10
37
100
49
96
71
67
89
37
84
34
4
45
4
39
49
91
46
22
54
74
28
91
91
34
50
31
78
65
6
47
21
53
21
5
1
74
59
95
11
12
71
20
81
70
30
12
24
92
26
34
1
67
25
34
14
59
99
67
25
87
4
67
95
46
48
53
99
3
79
40
89
85
74
60
28
32
52
62
77
34
69
94
3
96
94
98
62
90
88
22
100
50
15
87
70
76
32
27
72
24
86
65
4
18
35
81
52
93
58
7
70
99
57
59
42
53
85
44
72
68
58
7
