80
220
30
12
25
18
27
65
68
52
9
85
11
69
77
27
82
33
28
31
99
39
63
36
96
91
97
37
57
19
30
38
52
87
46
14
44
62
99
15
13
43
41
3
62
40
29
35
65
33
17
60
58
6
35
72
45
62
69
56
21
55
27
63
8
86
92
40
45
73
26
76
32
38
2
33
32
49
3
84
1
83
5
17
80
51
57
78
47
12
74
79
62
63
34
3
54
96
40
32
81
32
29
18
86
40
97
35
27
50
99
26
7
65
89
95
5
53
33
55
23
79
11
86
38
39
43
50
77
46
63
82
44
85
90
5
85
81
100
95
41
48
13
71
62
63
14
100
29
53
37
53
45
76
93
88
43
65
81
49
62
12
57
99
16
13
85
74
84
56
78
42
24
56
15
93
34
45
26
72
88
99
13
26
80
11
50
66
18
75
22
42
31
1
26
86
62
90
59
71
88
16
79
6
49
53
16
55
32
6
37
79
5
37
28
82
96
6
61
15
96
7
