80
220
559
630
454
629
338
707
274
774
876
309
335
572
399
788
421
667
752
469
542
445
311
642
823
607
404
406
533
722
225
619
357
501
652
719
391
690
498
803
804
765
444
536
289
249
274
711
745
835
834
388
519
434
833
273
603
750
648
299
676
623
412
337
675
392
274
272
717
721
446
823
751
604
595
513
259
871
850
546
745
675
545
250
393
821
359
537
453
645
830
374
541
594
311
752
679
571
293
287
459
417
867
862
236
627
259
363
839
352
501
261
606
526
564
446
732
710
621
604
693
792
717
233
640
294
876
642
583
591
835
408
618
505
446
568
699
266
317
724
323
817
315
375
539
241
356
659
448
646
328
865
654
548
282
372
598
457
493
303
563
529
291
365
474
422
725
397
524
876
350
775
494
732
383
364
676
410
401
749
744
774
813
871
680
278
241
639
604
688
534
665
254
387
467
859
288
427
827
869
422
414
563
464
293
364
674
609
595
779
464
695
721
514
379
571
847
876
410
664
850
460
