80
220
20
70
27
37
60
93
51
87
53
92
53
68
95
72
62
81
89
94
29
40
92
47
73
68
38
47
99
42
98
94
31
76
59
66
50
35
80
68
97
21
26
21
63
33
62
85
32
37
73
80
23
100
54
34
21
60
51
72
83
77
63
83
72
39
58
40
82
51
82
68
51
42
81
31
54
60
55
72
53
75
44
70
32
94
61
65
99
62
100
47
37
41
47
43
91
91
90
64
24
51
51
64
20
67
79
33
77
89
63
82
99
58
24
91
76
44
90
56
75
22
93
49
53
41
45
62
71
62
59
67
70
64
42
89
40
32
34
21
79
28
70
30
87
63
21
23
75
49
66
89
50
35
33
91
49
46
58
92
62
94
95
40
90
63
96
38
33
47
28
39
27
49
71
88
89
51
36
54
33
65
80
21
72
62
35
53
25
81
44
25
76
45
72
49
43
96
78
29
82
56
40
94
74
35
62
96
33
37
86
88
42
71
54
99
47
21
93
83
60
23
