80
220
1082
1231
1123
702
518
735
792
1109
781
411
531
624
991
1158
885
1020
685
837
917
1106
1137
1142
1049
829
927
447
709
667
818
597
762
1305
680
752
818
739
947
959
954
1014
1032
1089
856
738
1202
985
1117
823
619
980
1182
1064
554
1236
926
904
276
393
858
1056
891
895
780
608
633
923
908
917
983
1401
925
658
159
579
899
1156
421
889
1117
751
897
868
1204
957
795
1002
819
842
578
726
601
961
725
884
1018
760
782
638
748
525
390
796
826
556
1073
692
769
1110
959
1200
983
1105
802
827
735
417
793
1199
825
1010
948
878
930
955
756
946
705
740
593
964
1181
707
864
11
560
694
794
716
1190
396
1060
830
1048
1100
723
557
719
1375
473
824
624
1240
720
925
837
905
831
1055
1059
931
1071
1103
1290
1039
719
836
643
823
904
961
994
1142
828
929
727
1151
943
614
954
870
730
697
772
743
1133
724
256
874
816
821
679
842
651
640
981
745
847
721
705
1018
1145
1018
782
1091
1218
814
914
547
909
1057
1215
721
1005
706
1058
527
845
708
1235
957
