80
220
103
142
69
94
122
128
79
108
72
104
81
95
118
76
54
86
98
113
136
68
107
107
84
111
110
107
78
102
109
78
91
81
97
105
149
100
81
111
106
96
127
100
109
124
83
125
115
111
90
52
97
95
77
99
102
101
122
142
97
85
94
138
113
112
108
102
130
110
110
70
130
95
137
84
130
148
104
89
108
141
115
120
101
110
91
84
102
64
101
80
91
110
61
137
105
102
90
90
92
148
126
107
102
129
107
90
127
112
100
82
103
97
93
92
93
112
131
107
112
89
130
82
109
167
92
90
93
61
129
79
98
90
100
112
100
111
105
121
61
120
87
95
128
77
78
108
99
114
111
79
113
104
93
125
101
78
148
90
81
99
82
74
112
91
79
82
103
103
97
80
112
127
80
77
93
78
74
102
94
81
122
110
114
89
107
77
119
93
113
91
115
111
112
127
54
97
82
70
103
70
112
87
93
107
106
117
114
87
99
106
116
106
79
103
104
111
89
94
103
83
