80
220
104
34
114
144
95
167
36
100
78
103
113
25
144
78
40
153
88
104
58
103
83
143
74
53
12
54
145
117
39
109
94
27
27
40
156
130
157
21
169
91
113
101
114
70
136
28
182
67
106
91
67
1
30
117
179
184
242
64
65
137
139
128
59
95
148
75
66
93
89
65
73
213
55
126
81
20
125
69
2
119
45
269
73
76
94
61
79
140
100
187
56
56
156
20
191
81
28
43
186
50
66
53
113
197
84
161
82
68
181
50
89
101
143
16
143
112
180
63
112
15
41
87
88
158
168
16
26
128
57
232
176
47
111
95
78
128
125
102
150
149
91
33
70
101
106
65
108
145
139
65
132
42
59
54
163
89
106
31
45
54
86
98
28
46
182
125
100
203
38
110
61
84
80
146
36
145
232
5
31
202
61
59
80
84
99
66
51
155
146
97
103
67
125
88
89
52
104
97
55
152
95
31
28
163
41
100
149
37
87
98
152
28
3
129
7
50
117
16
205
174
