80
220
96
99
74
72
54
71
76
56
93
87
90
68
83
63
59
63
68
83
75
82
61
84
87
62
67
65
99
89
69
75
62
52
90
89
61
76
81
76
88
79
82
91
72
52
94
94
56
100
100
81
81
64
79
64
89
90
67
97
65
58
91
85
82
59
55
99
76
97
57
62
72
88
76
74
63
73
80
69
83
81
83
54
73
54
85
74
77
78
70
59
98
91
85
99
100
64
73
59
55
74
53
74
66
66
60
96
67
66
55
70
57
60
86
50
69
78
95
83
62
91
92
57
80
60
80
51
79
75
62
65
66
75
81
91
72
94
94
75
58
72
98
84
59
96
93
99
88
64
89
94
87
97
97
56
53
61
86
98
65
62
62
53
86
92
85
63
78
84
79
76
96
70
61
53
81
66
57
86
77
100
58
89
53
50
89
63
67
78
63
95
60
68
53
50
66
78
79
88
59
69
56
80
69
69
65
67
95
74
84
91
56
71
98
90
99
81
63
85
58
60
