80
220
99
80
71
91
84
52
93
66
89
78
94
76
56
70
96
77
60
96
76
71
83
69
83
69
65
86
96
79
86
87
91
89
66
64
70
65
87
61
67
92
87
68
80
65
86
99
73
81
65
62
98
75
81
50
84
78
75
52
63
79
100
85
97
75
86
51
54
74
60
62
76
84
96
58
62
95
75
89
78
84
84
97
68
100
52
96
88
94
99
58
85
77
71
94
81
88
53
65
62
67
97
87
53
74
91
97
86
79
72
63
50
97
86
86
64
75
50
82
78
88
68
78
54
64
78
83
84
74
80
93
87
82
68
53
81
59
93
60
95
59
63
85
89
78
92
54
88
88
84
69
51
91
65
52
86
74
81
62
64
88
81
62
75
51
58
63
73
100
53
71
56
55
78
95
56
54
90
68
78
98
67
86
65
75
79
81
99
52
84
78
81
61
58
93
97
59
51
81
57
88
91
99
55
98
77
50
65
73
63
69
81
62
50
75
55
81
83
59
70
56
