80
220
43
74
24
24
47
26
98
72
53
62
37
87
83
77
49
93
43
97
98
29
22
24
80
54
35
71
90
34
28
99
61
44
25
70
50
98
33
85
40
36
100
32
44
67
39
77
64
22
53
74
74
54
50
69
31
67
61
35
97
35
35
89
38
34
34
94
85
84
29
46
54
23
41
88
90
33
95
65
29
41
55
58
61
30
95
73
92
45
93
71
58
80
40
46
34
26
35
69
51
43
64
56
61
30
88
35
72
33
20
46
100
87
33
57
79
88
60
77
72
35
68
82
80
53
62
64
44
88
76
95
29
99
84
93
71
81
72
90
93
94
93
99
91
50
59
54
31
57
34
57
59
40
80
81
86
25
34
65
41
79
66
73
77
34
21
69
51
95
98
94
94
49
28
92
69
83
58
74
88
100
34
36
70
93
36
75
80
21
98
95
67
56
96
74
33
38
28
98
59
47
27
92
83
83
80
29
39
83
84
37
75
38
76
59
55
72
33
83
20
65
