80
220
89
89
92
114
111
122
82
87
123
73
93
93
123
107
114
126
114
69
119
78
92
116
117
113
118
52
121
117
102
115
102
105
118
111
135
67
45
145
135
68
110
93
100
93
103
136
89
107
97
93
113
119
81
110
88
131
126
101
99
106
78
129
104
97
121
78
101
95
110
95
82
85
76
83
103
75
63
103
103
105
131
118
99
71
106
83
119
90
80
92
102
120
147
61
87
62
106
98
145
80
113
99
116
136
103
79
114
124
129
132
102
79
97
87
116
77
84
105
106
109
99
108
84
114
107
102
119
68
112
96
125
81
121
56
63
129
68
90
102
109
83
107
118
94
65
95
146
110
122
119
93
78
92
82
132
104
126
86
103
100
116
90
132
87
136
118
115
69
125
116
103
106
92
98
76
94
126
87
104
126
139
104
67
75
107
87
73
96
128
38
107
135
122
120
87
73
117
114
151
129
71
115
110
65
79
72
114
105
77
94
89
108
115
83
93
119
103
107
92
87
