80
220
57
68
22
43
51
28
99
26
97
78
89
75
45
98
61
78
34
94
39
99
49
55
71
49
77
64
42
84
61
89
47
57
27
57
45
36
62
83
34
82
78
89
90
33
46
28
69
74
71
68
93
30
54
53
42
58
41
89
89
99
74
56
40
40
68
21
83
78
72
94
22
41
28
49
22
57
47
24
60
57
73
85
44
81
32
37
23
46
88
72
43
50
81
100
42
64
32
36
78
79
62
49
25
83
35
36
36
90
56
99
53
35
35
75
46
22
46
73
98
48
57
73
20
75
32
88
58
62
46
47
59
38
94
40
26
93
43
28
100
97
80
30
51
75
84
31
61
73
99
41
46
82
64
45
57
29
90
89
76
48
56
74
53
80
95
73
55
64
82
81
73
61
64
71
46
99
89
90
90
60
78
22
33
45
56
31
37
75
39
49
61
37
34
29
63
76
23
42
75
90
71
73
23
95
33
28
61
94
63
98
48
60
32
83
56
30
41
87
93
89
