80
220
249
348
429
859
851
877
493
508
525
288
256
475
857
817
344
600
641
754
776
570
731
809
302
716
221
315
409
880
695
418
627
243
606
715
461
575
310
435
689
286
334
430
278
275
486
851
509
644
367
278
654
728
623
670
466
411
414
281
331
625
535
802
276
301
227
514
531
824
748
512
295
719
343
441
226
645
276
297
622
391
276
297
736
810
728
867
606
806
730
497
804
605
321
762
478
718
653
770
370
411
830
396
484
752
442
576
704
553
434
312
626
855
479
542
496
749
609
270
626
264
435
281
367
801
296
663
398
409
838
801
606
784
428
360
533
307
331
495
848
679
416
651
338
544
328
487
550
640
361
318
301
376
296
353
281
360
528
682
758
412
729
254
444
301
807
792
819
292
411
385
344
569
404
859
451
553
413
466
488
874
877
373
527
707
342
224
851
391
366
443
497
818
347
828
639
680
627
247
800
381
395
223
431
776
250
486
344
839
480
666
806
678
362
382
329
865
511
286
378
482
