80
220
17
59
52
57
99
40
11
26
89
4
80
12
31
55
45
76
81
51
57
50
97
71
96
61
53
20
76
17
7
99
54
53
26
97
58
12
21
75
61
57
31
30
2
91
86
21
6
43
68
77
70
23
97
51
52
95
50
15
90
1
77
47
51
16
67
29
32
4
74
4
40
66
64
48
56
13
18
46
53
99
37
75
65
50
15
80
86
67
19
50
81
65
70
79
80
49
3
34
90
25
44
30
52
12
44
83
33
63
68
30
30
33
86
28
23
57
73
28
81
18
36
44
69
45
52
52
91
32
55
45
74
22
94
18
9
73
57
14
25
72
22
12
98
81
83
46
78
48
76
84
54
94
92
21
78
9
83
36
67
81
11
55
4
57
61
73
27
66
16
90
16
61
100
63
31
62
40
42
3
20
24
24
71
87
12
4
79
10
87
78
35
91
1
31
40
75
35
13
59
24
86
16
49
23
37
90
96
26
2
42
10
2
84
16
46
35
50
48
93
70
